1.e-6	1.1521330884521629e17
1.0965327491043495e-6	9.75235207204112e16
1.2023840698583396e-6	5.935788879676199e16
1.3184535096010387e-6	5.434191958648532e16
1.4457274514491048e-6	4.056465414007036e16
1.5852874967931117e-6	3.0280328299462812e16
1.7383196569792998e-6	2.256270800574884e16
1.9061244322896374e-6	1.6057056787852156e16
2.0901278638735236e-6	1.259502359660617e16
2.2918936525528363e-6	9.401816865617586e15
2.513136447488565e-6	7.015685060411445e15
2.755736417638969e-6	5.238867221877951e15
3.0217552298406304e-6	3.910662475678809e15
3.313453569297592e-6	2.9202204043686005e15
3.6333103513715e-6	2.1790931598455368e15
3.984043787938673e-6	1.626629332154691e15
4.368634487340498e-6	1.2142312375442632e15
4.790350784235547e-6	9.063441998067981e14
5.25277651461197e-6	6.76592273455599e14
5.7598414719982144e-6	5.050563169075365e14
6.315854803695445e-6	3.770097738625917e14
6.925541630840078e-6	2.814267732658079e14
7.594083203501675e-6	2.1007741863258297e14
8.327160932062839e-6	1.5681623227141684e14
9.131004669069201e-6	1.1705873242328723e14
0.000010012445651859103	8.738092120582905e13
0.000010978974555890928	6.5227302800362e13
0.00001203880515211776	4.8690274459693984e13
0.000013200944109383293	3.634586352217731e13
0.00001447526753503493	2.713112649134998e13
0.00001587260490421276	2.025259194496025e13
0.00001740483109106356	1.51179682697868e13
0.00001908496728398078	1.1285121287667498e13
0.000020927291642470016	8.424013080151002e12
0.000022947460636026073	6.288279456389319e12
0.000025162642096185463	4.694016751039701e12
0.000027591661112459076	3.5039462548479565e12
0.000030255160012000324	2.6155934250740884e12
0.00003317577378255063	1.9524640116872473e12
0.00003637832242944417	1.4574572935600642e12
0.00003989002190136283	1.0879492518693503e12
0.00004374071537733409	8.121223027963376e11
0.00004796312688049895	6.062255502975072e11
0.00005259313937391412	4.525296449019056e11
0.00005767009970170626	3.37800145598559e11
0.00006323715296703389	2.521579291208128e11
0.0000693416091884738	1.882285187960971e11
0.00007603534535075643	1.405070834039563e11
0.00008337524626656356	1.048844273895643e11
0.00009142368799592708	7.829315641707709e10
0.00010024906793143204	5.84435503005347e10
0.00010992638605400175	4.362639986925987e10
0.00012053788229890042	3.256583045249582e10
0.00013217373544842964	2.4309438913802982e10
0.0001449328294906574	1.8146284159391834e10
0.00015892359395686234	1.3545669450376017e10
0.00017426492537906147	1.0111445188746027e10
0.00019108719769836638	7.547897283192014e9
0.00020953337021083578	5.634283811546515e9
0.00022976020246638694	4.205827383797627e9
0.00025193958644523896	3.1395264968266783e9
0.00027626000733301046	2.343564125571569e9
0.0003029281453084534	1.749401546006109e9
0.0003321706319561599	1.30587660515925e9
0.0003642359762306167	9.747982522436662e8
0.0003993966763388642	7.276579849545916e8
0.0004379515354889944	5.431750402866732e8
0.0004802282011842176	4.054639512563348e8
0.0005265859496419662	3.0266668157556534e8
0.0005774187390006291	2.259315541828956e8
0.000633158557260726	1.6865105124892208e8
0.0006942790934120469	1.25892854168465e8
0.0007612997629447865	9.397513155256015e7
0.0008347901219543354	7.014950413457015e7
0.0009153747073517416	5.23643873442264e7
0.0010037383443129934	3.9088333460503384e7
0.0011006319660709736	2.917816169564279e7
0.0012068789955079285	2.1780521160106286e7
0.0013233823427806033	1.625841049548276e7
0.001451132078445368	1.2136326930198736e7
0.0015912138472912063	9.059321654541612e6
0.001744818094383133	6.762435856341012e6
0.0019132501817209473	5.047885616218286e6
0.002097941481486864	3.7680310998480883e6
0.0023004615401548407	2.8126635587327946e6
0.0025225314168348103	2.0995154487102595e6
0.0027660383092039617	1.5671765115418888e6
0.0030330515913193634	1.169805837531225e6
0.00332584039960474	873184.575413575
0.00364689291646089	651769.3961837689
0.0039989375153760345	486492.9904317989
0.004384965947231795	363122.20430795266
0.004808258764847033	271032.4363823183
0.0052724132018227956	202292.7610567112
0.005781373742608809	150983.00023167362
0.006339465643582533	112683.93753593673
0.006951431690010121	84096.77839089645
0.007622472501257884	62759.08828093849
0.008358290726776607	46832.749209767084
0.009165139508445733	34945.67549422638
0.010049875621120875	26073.65946117603
0.011020017742984455	19452.172824061894
0.012083810350893428	14510.529122672684
0.013250293783720737	10822.738026240673
0.014529381069103573	8070.819612682869
0.01593194216648883	6017.419644626163
0.017469896342391468	4485.36776195212
0.019156313462890498	3342.418345862262
0.021005525064167977	2489.8600959890923
0.023033246144992428	1854.0134696773862
0.025256708716165654	1379.8838388701454
0.027694808241864852	1026.4238059220288
0.03036826421736986	762.996714918849
0.033299796247799815	566.7368123496578
0.03651431712421456	420.57873218277155
0.04003914453788293	311.78660376378775
0.04390423323191117	230.8561140608592
0.04814242956310609	170.69496882158643
0.05278975063739512	126.01116551135571
0.057885690390955834	92.85638828810583
0.06347355521819803	68.28519867443826
0.0696008319988374	50.100655775729464
0.076319591651635	36.664458732867914
0.08368693164428852	26.755234529805318
0.09176546122001945	19.462775286888853
0.1006238334644165	14.109097236331065
0.11033732873415464	10.18951966295356
0.12098849440569266	7.328680436088799
0.1326678463806704	5.24770314335993
0.14547463830955001	3.739664313212258
0.15951770507053145	2.6513101383035793
0.17491638767180634	1.8693464660712185
0.19180154743716793	1.3102345455679907
0.21031667809374605	0.9125473571654618
0.2306191252126294	0.6312661489039655
0.25288142336544417	0.43351802202330203
0.27729276236033135	0.29539726041317993
0.3040605950177132	0.19959728372771554
0.33341240014907664	0.13365019175978785
0.3655976157209457	0.0886216098128811
0.4008897586324841	0.05814596620555589
0.4395887491210569	0.03771609263834995
0.48202345954905373	0.024162180765266907
0.528554509232112	0.015271305662001465
0.579577329059788	0.009510929931932676
0.6355255219524855	0.005829014658885278
0.6968745477125341	0.003510330124527049
0.7641457635840735	0.002073802954961966
0.8379108548592864	0.0011996774725501842
0.9187966931832289	0.0006782161825369406
1.0074906638441894	0.0003738689619054824
1.1047465073220328	0.0002004768524466789
1.2113907247372568	0.00010429085798498417
1.3283296016356545	0.000052480612041698266
1.4565569097982267	0.000025464606792913407
1.597162352527982	0.000011872636226423552
1.7513408251834783	5.298803941151855e-6
1.9204025696571194	2.254379924200796e-6
2.1057843090931736	9.101859626107765e-7
2.309061457470736	3.4701216120465125e-7
2.5319615078112823	1.2426096307774357e-7
2.7763787127866992	4.154821414571382e-8
3.044390182486788	1.2888959343133094e-8
3.338273536148523	3.683808515017787e-9
3.6605262578552376	9.626688029752727e-10
4.01388692069466	2.2810646342898396e-10
4.401358459743299	4.8564906886730934e-11
4.826233691655995	9.198247495967996e-12
5.292123297731581	1.533032809997838e-12
5.802986508260786	2.2216743233379786e-13
6.363164748918637	2.7632411391406925e-14
6.977418535135626	2.9077211747566743e-15
7.650967927983911	2.54843669987828e-16
8.389536895381406	1.828605921532074e-17
9.199401955604923	1.0541716556792994e-18
10.	6.475828723051945e-20
10.030052264813897	5.835086823711348e-20
10.060194843489834	5.256290031274176e-20
10.09042800744143	4.7335938102862655e-20
10.120752028897943	4.2616912488577116e-20
10.151167180906766	3.835764555296028e-20
10.18167373733584	3.45144143236584e-20
10.212271972876147	3.1047549216377145e-20
10.242962163044188	2.792106830031479e-20
10.273744584184442	2.510234344288213e-20
10.304619513471861	2.2561796199141144e-20
10.335587228914394	2.0272620145214972e-20
10.366648009355433	1.821052793118743e-20
10.397802134476395	1.6353520789721467e-20
10.429049884799173	1.4681678541770738e-20
10.4603915416887	1.317696825461538e-20
10.491827387355489	1.1823070132537996e-20
10.523357704858133	1.0605218972866827e-20
10.55498277810591	9.510059902598182e-21
10.586702891861286	8.525517136050089e-21
10.618518331742507	7.640674612497484e-21
10.650429384226182	6.845667469628801e-21
10.682436336649829	6.13158339758857e-21
10.714539477214483	5.490372999974302e-21
10.746739094987303	4.914768363027067e-21
10.77903547990414	4.398209102916888e-21
10.811428922772187	3.9347752239759745e-21
10.843919715272564	3.5191261784428006e-21
10.87650814996296	3.1464455711523574e-21
10.90919452028028	2.8123910010485324e-21
10.941979120543252	2.5130485757546212e-21
10.974862245955123	2.244891676047785e-21
11.007844192606271	2.0047435842569836e-21
11.040925257476896	1.7897436246103994e-21
11.07410573843971	1.5973164946699975e-21
11.107385934262574	1.4251444954372374e-21
11.140766144611236	1.2711423811606363e-21
11.174246670051991	1.1334346631451564e-21
11.207827812054406	1.0103349303059514e-21
11.241509872994047	9.003273741279208e-22
11.275293156155174	8.020498215831416e-22
11.309177965733477	7.142786123309737e-22
11.34316460683885	6.359148340819825e-22
11.377253385498078	5.659719093242324e-22
11.411444608657657	5.035643860443975e-22
11.445738584186508	4.478978187916398e-22
11.480135620878762	3.982596368542764e-22
11.514636028456572	3.5401090581578005e-22
11.549240117572854	3.1457889740574615e-22
11.583948199814106	2.7945039043618234e-22
11.618760587703234	2.4816563488087806e-22
11.653677594702321	2.203129027490869e-22
11.688699535215498	1.9552360085915395e-22
11.723826724591735	1.7346784887530237e-22
11.759059479127696	1.5385050933232572e-22
11.794398116070608	1.3640761293397975e-22
11.82984295362107	1.2090314435928323e-22
11.865394310935974	1.071261433724716e-22
11.901052508131329	9.488811531473414e-23
11.93681786628517	8.40206869869383e-23
11.972690707440455	7.437350903278412e-23
12.008671354607937	6.581237022972614e-23
12.044760131769111	5.821750436415367e-23
12.08095736387909	5.1482070517999646e-23
12.117263376869554	4.551078945166276e-23
12.153678497651695	4.021872045109877e-23
12.190203054119134	3.553016517735732e-23
12.226837375150884	3.1377681820542367e-23
12.263581790614333	2.770120823976932e-23
12.30043663136817	2.4447269853585965e-23
12.337402229265415	2.156827363223338e-23
12.37447891715636	1.9021875582181285e-23
12.41166702889159	1.677041378384483e-23
12.448966899325006	1.4780403032432825e-23
12.486378864316794	1.3022081116644758e-23
12.523903260736505	1.1469003664146541e-23
12.561540426466033	1.0097682752967376e-23
12.599290700402689	8.887263360554672e-24
12.637154422462267	7.819234349364076e-24
12.675131933582062	6.8771708775008e-24
12.713223575723964	6.046504233899297e-24
12.751429691877558	5.314316545163014e-24
12.78975062606316	4.669157650033241e-24
12.828186723334975	4.100881987301641e-24
12.866738329784154	3.600502909552393e-24
12.905405792541925	3.160063199459694e-24
12.944189459782754	2.7725195897774635e-24
12.983089680727412	2.431639981184942e-24
13.02210680564619	2.13191196561896e-24
13.061241185862004	1.8684614402290343e-24
13.100493173753568	1.6369802244574e-24
13.139863122758596	1.4336615560117608e-24
13.17935138737694	1.2551435175900872e-24
13.218958323173826	1.0984572622242641e-24
13.258684286783014	9.60982600790535e-25
13.298529635910032	8.40407511456067e-25
13.338494729335416	7.346931449090332e-25
13.378579926917892	6.42041564228162e-25
13.418785589597647	5.6086842282553305e-25
13.459112079399597	4.897778502363189e-25
13.499559759436593	4.2754010961201895e-25
13.540128993912756	3.7307315516217995e-25
13.580820148126694	3.254243286915548e-25
13.621633588474829	2.83755490604294e-25
13.6625696824547	2.473298178369337e-25
13.703628798668246	2.1549933374716496e-25
13.744811306825131	1.8769479697918956e-25
13.786117577746106	1.6341595801985732e-25
13.827547983366294	1.4222404265991086e-25
13.869102896738593	1.2373341571284193e-25
13.91078269203699	1.076057431263006e-25
13.95258774455995	9.354465410407114e-26
13.994518430733816	8.128983769529821e-26
14.036575128116146	7.061339740360738e-26
14.078758215399176	6.131564014780997e-26
14.121068072413177	5.322133491435312e-26
14.163505080129893	4.617788427935698e-26
14.206069620665996	4.005094617932105e-26
14.24876207728648	3.472348920237594e-26
14.291582834408164	3.0092961639417995e-26
14.3345322776031	2.6069616996086146e-26
14.377610793602082	2.257502830096303e-26
14.42081877029813	1.9541491095421434e-26
14.464156596749945	1.6908884778841295e-26
14.507624663185464	1.4625177665921392e-26
14.551223361005333	1.2644874870328428e-26
14.594953082786434	1.0928380900240851e-26
14.638814222285465	9.441131570929175e-27
14.68280717444242	8.15298190916479e-27
14.726932335384186	7.037735577167354e-27
14.771190102428116	6.07254892705875e-27
14.815580874085576	5.237663768863617e-27
14.86010505006554	4.515702113095543e-27
14.90476303127823	3.891748279765528e-27
14.94955521983866	3.352622414689518e-27
14.994482019070315	2.886904186095738e-27
15.039543833508747	2.4849523108619895e-27
15.08474106890522	2.138057430239023e-27
15.130074132230401	1.8387023296686442e-27
15.175543431677962	1.5809182289847577e-27
15.22114937666832	1.3585461596667286e-27
15.266892377852272	1.1669644562195419e-27
15.312772847114713	1.0018035838984329e-27
15.358791197578368	8.59707806770098e-28
15.404947843607458	7.375399133009003e-28
15.451243200811493	6.32516355334987e-28
15.497677686048965	5.421966812896157e-28
15.544251717431113	4.6444098548427605e-28
15.590965714325725	3.9776736264871176e-28
15.637820097360848	3.405198270819505e-28
15.684815288428645	2.913867242233795e-28
15.731951710689136	2.4901995512237574e-28
15.779229788574035	2.12904214940112e-28
15.82664994779059	1.819663750458945e-28
15.874212615325376	1.5512565821829295e-28
15.921918219448155	1.324526808234062e-28
15.969767189715762	1.1304425595163473e-28
16.017759956975922	9.643758211353005e-29
16.065896953371162	8.223441867421627e-29
16.114178612342712	7.030796447526532e-29
16.16260536863436	5.990171350572927e-29
16.21117765829643	5.101311213279609e-29
16.259895918689658	4.3424184548277926e-29
16.308760588489136	3.694776973084706e-29
16.35777210768831	3.1423236367124223e-29
16.40693091760286	2.671278353255801e-29
16.456237460874775	2.2698248476735604e-29
16.50569218147623	1.9278353224584793e-29
16.555295524713664	1.6366330731639407e-29
16.605047937231763	1.3887879188152153e-29
16.65494986701747	1.1779399901739258e-29
16.70500176340405	9.98648013176089e-30
16.755204077075092	8.462587414666625e-30
16.8055572600686	7.16794640772208e-30
16.856061765781067	6.068573176095472e-30
16.906718048971527	5.1354452313775566e-30
16.957526565765683	4.343788564813332e-30
17.008487773659994	3.6724654639815734e-30
17.05960213152578	3.1034491080911423e-30
17.110870099613415	2.6213728487609416e-30
17.162292139556392	2.213143738715489e-30
17.213868714375522	1.8676113039057847e-30
17.26560028848313	1.5752837944969284e-30
17.31748732768716	1.3280852224661253e-30
17.369530299195457	1.1191474204629728e-30
17.4217296716199	9.426321574427472e-31
17.474085914980655	7.935790381969288e-31
17.526599500710436	6.677755109068262e-31
17.57927090165868	5.616458219274805e-31
17.63210059209586	4.721562012024154e-31
17.685089047717753	3.967339445916592e-31
17.73823674564968	3.3319838926768794e-31
17.791544164450865	2.7970206240192255e-31
17.84501178411869	2.3468052787123488e-31
17.898640086093025	1.968096660661663e-31
17.952429553260615	1.6496930276586984e-31
18.00638066995935	1.382122585112308e-31
18.060493921982694	1.157380234637532e-31
18.114769796584014	9.687037741657467e-32
18.169208782480975	8.103837304439637e-32
18.223811369859988	6.77601849057263e-32
18.27857805038053	5.662939909734596e-32
18.333509317179683	4.730338049371585e-32
18.388605664876476	3.9493407638281303e-32
18.44386758957639	3.295631084263232e-32
18.499295588875828	2.748738797446895e-32
18.554890161866563	2.2914405706532143e-32
18.610651809140283	1.9092522457404824e-32
18.666581032793033	1.5899993570646871e-32
18.72267833642979	1.3234540043733036e-32
18.77894422516896	1.1010279842377058e-32
18.83537920564697	9.155135956558674e-33
18.891983786022795	7.608648247887895e-33
18.948758475982537	6.320127126294046e-33
19.005703786744018	5.2470964541229354e-33
19.06282023106138	4.353981044755692e-33
19.120108323229736	3.611000904061093e-33
19.177568579089737	2.9932401304635902e-33
19.235201516032284	2.4798632921403327e-33
19.29300765300313	2.0534562653662073e-33
19.35098751050758	1.6994720553037538e-33
19.4091416106152	1.4057651227833585e-33
19.467470476964454	1.1622002874219364e-33
19.5259746347675	9.603244367448875e-34
19.584654610814844	7.930911008050456e-34
19.643510933480126	6.5462950158117155e-34
19.70254413272489	5.400509983604983e-34
19.761754740103296	4.452869602775996e-34
19.821143288766983	3.66953035786181e-34
19.880710313469805	3.0223558211482403e-34
19.94045635057267	2.4879668784260444e-34
20.000381938048406	2.0469478745521277e-34
20.06048761548653	1.6831834410081692e-34
20.120773924098177	1.3833047934287219e-34
20.181241406720932	1.1362276803608328e-34
20.24189060782372	9.327670231190329e-35
20.302722073511745	7.653156934641912e-35
20.363736351531347	6.275769012346353e-35
20.424933991275008	5.143413675170756e-35
20.486315543786223	4.2130189085169756e-35
20.547881561764516	3.44899116939932e-35
20.60963259957038	2.8219333241159473e-35
20.67156921323032	2.307579508641082e-35
20.73369196044179	1.8859107033671788e-35
20.796001400578287	1.5404207733998087e-35
20.858498094694323	1.2575077184650076e-35
20.921182605530504	1.0259690570764178e-35
20.984055497518632	8.36583768115228e-36
21.047117336786716	6.817661390196248e-36
21.110368691164144	5.552793156511478e-36
21.17381013018673	4.519983922396932e-36
21.237442225101873	3.6771458587818124e-36
21.301265548873733	2.989734636989798e-36
21.365280676188313	2.429413781804339e-36
21.42948818345872	1.9729525566997712e-36
21.493888648830275	1.601317076075162e-36
21.55848265218577	1.2989212027926162e-36
21.6232707751507	1.0530095001651843e-36
21.68825360109843	8.531492565384558e-37
21.75343171515555	6.9081254746667775e-37
21.818805704207037	5.590325787649701e-37
21.884376156901606	4.521212750696341e-37
21.95014366365702	3.6543733625037893e-37
22.016108816665337	2.951958559680188e-37
22.08227220989834	2.383121478537937e-37
22.14863443911278	1.922737094037998e-37
22.215196101855824	1.5503531690442661e-37
22.281957797470373	1.249331241651623e-37
22.348920127100527	1.006143648546427e-37
22.416083693696955	8.097985887800917e-38
22.4834491020223	6.513701916563335e-38
22.551016958656675	5.236146447208319e-38
22.618787872003086	4.206568126268595e-38
22.686762452292967	3.377345590356733e-38
22.754941311591583	2.7099027463745847e-38
22.823325063803647	2.1730100017399174e-38
22.891914324678755	1.7414008470008997e-38
22.96070971181697	1.3946459476013423e-38
23.029711844674427	1.116237381050133e-38
23.098921344568804	8.928442607441966e-39
23.16833883468504	7.137080490937633e-39
23.237964940080847	5.701516536927119e-39
23.30780028769237	4.551811465994353e-39
23.377845506339884	3.63162834402702e-39
23.448101226733364	2.8956158899003983e-39
23.51856808147825	2.3072895215151913e-39
23.589246705081074	1.8373165534999492e-39
23.660137733955207	1.4621293473879084e-39
23.731241806426617	1.1628044117455923e-39
23.80255956273954	9.241570336915398e-40
23.87409164506234	7.340104692852127e-40
23.94583869749321	5.826064180042777e-40
24.01780136606599	4.621297754955257e-40
24.089980298756046	3.663257608757462e-40
24.16237614548601	2.9019166457394826e-40
24.234989558131726	2.2972883562282846e-40
24.307821190528028	1.8174326704951359e-40
24.380871698474685	1.4368536198509082e-40
24.454141739742294	1.1352126722324522e-40
24.527631974078226	8.96296235093729e-41
24.601343063212493	7.071876671544532e-41
24.67527567086381	5.576037333534456e-41
24.749430462745483	4.3936319856968e-41
24.823808106571427	3.4596153082527985e-41
24.89840927206223	2.722307549289172e-41
24.9732346309511	2.1406759145923681e-41
25.048284856989994	1.6821631939703134e-41
25.123560625955612	1.320954644445546e-41
25.19906261565552	1.0365956153399273e-41
25.274791505934285	8.128896849982357e-42
25.35074797867951	6.37020988201902e-42
25.426932717828073	4.9885559872902435e-42
25.503346409372206	3.9038582029509046e-42
25.579989741365694	3.052884576728253e-42
25.65686340393012	2.3857393276888676e-42
25.733968089260998	1.863077561514246e-42
25.811304491634083	1.4538958760123512e-42
25.888873307411554	1.1337810086331199e-42
25.966675235048317	8.83522539066908e-43
26.04471097509833	6.880147425045105e-43
26.122981230220823	5.353879391776477e-43
26.20148670518673	4.163218645081991e-43
26.280228106884937	3.235033032683705e-43
26.35920614432871	2.5119798185064342e-43
26.438421528662044	1.94912889331842e-43
26.517874973166123	1.5113011667102585e-43
26.597567193265647	1.1709721750205545e-43
26.67749890653539	9.066220649104041e-44
26.75767083270656	7.014378451873692e-44
26.8380836936733	5.422934387784392e-44
26.91873821349928	4.189486501831069e-44
26.999635118424074	3.234205199386233e-44
27.08077513686982	2.494903278138522e-44
27.1621589994477	1.9231725784482878e-44
27.243787438964546	1.4813587101333316e-44
27.325661190429475	1.1401937982297934e-44
27.407780991060424	8.76945493513807e-45
27.490147580290888	6.739707311525181e-45
27.57276169977649	5.175865735222248e-45
27.65562409340169	3.971892752263404e-45
27.73873550728654	3.045675180863886e-45
27.822096689793288	2.3336742032223886e-45
27.90570839153324	1.7867609181122943e-45
27.989571365373415	1.3669771217573214e-45
28.07368636644337	1.0450176646595194e-45
28.158054152142032	7.982751311803495e-46
28.24267548214444	6.0932240276133745e-46
28.327551118408675	4.647359431951946e-46
28.412681825182638	3.5418400052788534e-46
28.498068369010976	2.6972062757856914e-46
28.583711518741968	2.0523948360911004e-46
28.669612045534482	1.5605158152141752e-46
28.75577072286489	1.18559107668215e-46
28.842188326534014	9.000365156976369e-47
28.928865634674143	6.827202247671868e-47
29.015803427756016	5.174659834289314e-47
29.103002488595905	3.919008509655782e-47
29.19046360236257	2.965684391979852e-47
29.278187556584435	2.2424715363821674e-47
29.366175141156575	1.6942643966854565e-47
29.454427148347893	1.2790473421365113e-47
29.54294437280827	9.648108808253771e-48
29.63172761157564	7.271882440982898e-48
29.720777664083275	5.476455107320951e-48
29.810095332166874	4.1209674045275326e-48
29.89968142007184	3.0984516788515825e-48
29.989536734460554	2.3277434275560893e-48
30.07966208441955	1.7473071464499994e-48
30.1700582814669	1.3105273411930689e-48
30.260726139559434	9.821199436442902e-49
30.351666475100107	7.353997968410369e-49
30.442880106945385	5.502017003147504e-49
30.534367856412533	4.113000014672848e-49
30.62613054728712	3.072081718195049e-49
30.718169005830323	2.2926776269278884e-49
30.810484060786433	1.7095755630019789e-49
30.903076543390345	1.2737012900565507e-49
30.99594728737494	9.4815589904787e-50
31.089097128978718	7.052184770087805e-50
31.18252690695322	5.240808267410759e-50
31.276237462570645	3.891368910513106e-50
31.370229639631376	2.8869214364252215e-50
31.464504284471673	2.1399066700635937e-50
31.559062245971152	1.5848234267507599e-50
31.653904375560572	1.1727136698277856e-50
31.74903152722938	8.670158112818879e-51
31.84444455753347	6.404494219604443e-51
31.9401443256029	4.72676826865051e-51
32.03613169314961	3.4854936560853665e-51
32.132407524475155	2.567932768173594e-51
32.228972686478514	1.8902585929079135e-51
32.32582804866389	1.3901954432825572e-51
32.42297448314858	1.0215189162099426e-51
32.520412864670746	7.499489822554093e-52
32.61814407059738	5.5008603459362745e-52
32.716168980932125	4.0312705465733765e-52
32.81448847832323	2.9516477632513217e-52
32.91310344807154	2.1592215130137537e-52
33.012014778138386	1.5781154686051339e-52
33.111223359153676	1.1523597596089385e-52
33.210730084423815	8.407055953205156e-53
33.31053584993981	6.127808018476838e-53
33.410641554385315	4.46242091008334e-53
33.51104809914475	3.2466755308448473e-53
33.61175638831143	2.3599837939540486e-53
33.7127673286956	1.7138773090982573e-53
33.81408182983272	1.2435115051833687e-53
33.9157008039916	9.014010269115926e-54
34.017625166182626	6.528046492654137e-54
34.11985583416603	4.7232851227344126e-54
34.22239372846006	3.4142836673614343e-54
34.32523977234938	2.4657459532019676e-54
34.42839489189328	1.779053961149103e-54
34.531860015934114	1.2823918397152678e-54
34.63563607610565	9.23510779051198e-55
34.739724006841335	6.644335472142282e-55
34.844124745382864	4.775823331388692e-55
34.94883923178852	3.429500149769592e-55
35.05386840894172	2.4603563993361136e-55
35.1592132225594	1.7633908687069904e-55
35.26487462120067	1.262645005748343e-55
35.370853556275186	9.032225970414034e-56
35.47715098205184	6.454876093269622e-56
35.58376785566737	4.6084973681289795e-56
35.69070513713482	3.287061451136104e-56
35.79796378935241	2.3422436598989767e-56
35.905544778112	1.6673654962619819e-56
36.01344907210791	1.1857762662377211e-56
36.12167764294557	8.424548101017047e-57
36.230231465150354	5.979448099747203e-57
36.3391115161763	4.2397955719476134e-57
36.44831877641489	3.003286497289345e-57
36.557854229203905	2.12527599476862e-57
36.667718860836274	1.5024475831161037e-57
36.77791366056899	1.0610782923844268e-57
36.888439620632	7.486146513425252e-58
36.99929773623707	5.276314671281159e-58
37.11048900558683	3.715037514533793e-58
37.22201442988372	2.61309104221002e-58
37.33387501333906	1.8361297590065093e-58
37.44607176318204	1.2888677387287156e-58
37.558605689668774	9.037912920862872e-59
37.67147780609144	6.331132818049534e-59
37.78468912878737	4.4304396087293215e-59
37.89824067714826	3.0971553575742447e-59
38.012133473629305	2.1628608406509434e-59
38.126368543758375	1.5088366409555463e-59
38.240946916145305	1.0514837367891579e-59
38.3558696224911	7.319951829248883e-60
38.47113769759734	5.090469496998803e-60
38.58675217937533	3.536307584573847e-60
38.70271410885561	2.4540500833426247e-60
38.8190245301972	1.7012048903510588e-60
38.935684490697064	1.1780622666797651e-60
39.05269504079952	8.149236064472474e-61
39.17005723410575	5.631202997020659e-61
39.287772127383235	3.8870461661885965e-61
39.405840780575254	2.6802236741220606e-61
39.52426425681046	1.8460939281583305e-61
39.64304362241245	1.2701837411373106e-61
39.76217994690939	8.72987221250531e-62
39.88167430304363	5.993443048039917e-62
40.001527766781294	4.110272458370716e-62
40.12174141732207	2.815717885465283e-62
40.24231633710885	1.9267729142262837e-62
40.36325361183758	1.3170229716468188e-62
40.48455433046692	8.992410984224746e-63
40.6062195852281	6.133063706397506e-63
40.72825047163475	4.178264049217771e-63
40.85064808849276	2.8433472924727743e-63
40.97341353791021	1.9327607306324427e-63
41.09654792530727	1.3123176483702042e-63
41.220052359426106	8.900431587505813e-64
41.34392795234092	6.029661179222803e-64
41.468175819467945	4.080214706604435e-64
41.59279707957553	2.7579088363108947e-64
41.71779285479412	1.86201034006744e-64
41.843164270626474	1.2557062902228873e-64
41.96891245595771	8.458558412490623e-65
42.09503854306545	5.6912207998333595e-65
42.22154366763019	3.8248447319204655e-65
42.34842896874528	2.5675562427858856e-65
42.47569558892741	1.7215608849915688e-65
42.6033446741267	1.1529741016682478e-65
42.73137737373716	7.712762125773838e-66
42.85979484060695	5.153378152523393e-66
42.98859823104885	3.439253928853775e-66
43.11778870485062	2.2925831100891016e-66
43.247367425285404	1.5264163446731341e-66
43.37733555912226	1.0150944455226747e-66
43.50769427663664	6.742545198487247e-67
43.63844475162097	4.473255403415888e-67
43.769588161395205	2.9641786532757713e-67
43.90112568681735	1.961843408840512e-67
44.0330585122942	1.29688664058739e-67
44.1653878257919	8.562800567295168e-68
44.29811481884679	5.646823276613172e-68
44.43124068657603	3.719337009755661e-68
44.564766627688336	2.446798718906086e-68
44.69869384449481	1.607684182528338e-68
44.8330235429198	1.0550460466463922e-68
44.967756932511726	6.915262427123174e-69
45.102895226454	4.527004045278295e-69
45.23843964157589	2.9598959860026566e-69
45.37439139836351	1.9328749039006087e-69
45.51075172097078	1.2606401951800275e-69
45.6475218372306	8.211774770132194e-70
45.784702978665635	5.342441176130124e-70
45.92229638049968	3.471344136285225e-70
46.06030328166859	2.2527300281734595e-70
46.198724924831495	1.4600661525452616e-70
46.33756255638202	9.451182969515166e-71
46.47681742645948	6.110101176577039e-71
46.61649078896019	3.945095865916795e-71
46.75658390154864	2.543969962986488e-71
46.89709802566889	1.6383624347388696e-71
47.03803442655593	1.053779846999821e-71
47.17939437324711	6.769085745060936e-72
47.32117913859353	4.3425884411976827e-72
47.46338999927141	2.7823013317317715e-72
47.60602823579375	1.7803065513874344e-72
47.749095132521724	1.1376766536678284e-72
47.89259197767635	7.260635272996881e-73
48.03652006335005	4.6276488833461877e-73
48.18088068551824	2.945604684071491e-73
48.32567514405104	1.872470914806324e-73
48.47090474272495	1.1887226149776624e-73
48.61657078923468	7.536488817302913e-74
48.76267459520485	4.771763830128286e-74
48.909217476201746	3.017230044862543e-74
49.05620075174527	1.9052666043990192e-74
49.203625745320764	1.2014872818710238e-74
49.35149378439099	7.566532980223549e-75
49.49980620040795	4.758688105575871e-75
49.64856432882508	2.9887414032698834e-75
49.797769509109045	1.874556120629723e-75
49.94742308475193	1.174128899939406e-75
50.0975264032834	7.344099350093057e-76
50.248080816282645	4.5873824443487084e-76
50.39908767939075	2.861496323313595e-76
50.550548352322735	1.7824668820310934e-76
50.70246419887991	1.1087865998577299e-76
50.85483658696207	6.8876468754685844e-77
51.00766688857993	4.2725618702661415e-77
51.160956479867394	2.646662736993835e-77
51.314706741093914	1.63719257841124e-77
51.468919056677	1.0113233037314913e-77
51.6235948151946	6.238317879227479e-78
51.77873540939773	3.8426459856504437e-78
51.934342236222925	2.363615252270205e-78
52.09041669680477	1.4517935543448365e-78
52.24696019648864	8.904565836952535e-79
52.40397414484321	5.453791961742971e-79
52.56145995567333	3.335496125366829e-79
52.71941904703262	2.0370255886275497e-79
52.87785284123625	1.242238000043978e-79
53.03676276487376	7.564557393024469e-80
53.196150248821915	4.5997128441475326e-80
53.35601672825766	2.792829971745161e-80
53.51636364267086	1.6932572341573135e-80
53.6771924358775	1.0250950380869817e-80
53.83850455603245	6.196780991095522e-81
54.00030145564263	3.740477599210129e-81
54.162584591580156	2.254472426935209e-81
54.32535542509525	1.356806188045445e-81
54.48861542182966	8.153494329575065e-82
54.6523660518296	4.892387507274482e-82
54.81660878955916	2.931210998854481e-82
54.9813451139135	1.7535595048672846e-82
55.14657650823223	1.0474641209546695e-82
55.31230446031275	6.247424972721176e-83
55.47853046242357	3.720524809597846e-83
55.645256011317834	2.2123133188742074e-83
55.812482608246725	1.3134887019480905e-83
55.980211758973105	7.786482766555755e-84
56.14844497378497	4.608818257030313e-84
56.31718376750904	2.723761620600473e-84
56.486429659524454	1.6072293264016253e-84
56.65618417377638	9.469211429021648e-85
56.82644883878988	5.570253511115436e-85
56.99722518768355	3.271592870375825e-85
57.168514758183306	1.9185125569925554e-85
57.340319092636314	1.1232827517559072e-85
57.512639738024816	6.566448305737485e-86
57.68547824598012	3.832541816020679e-86
57.85883617279657	2.2333466578334155e-86
58.032715079445445	1.2993799646300409e-86
58.20711653158914	7.547878524033338e-87
58.38204209959518	4.377440581420058e-87
58.55749335855049	2.53466253654874e-87
58.73347188827538	1.4652862028132177e-87
58.90997927333798	8.457170710272885e-88
59.087017103068334	4.873331375976788e-88
59.264586971572804	2.803644087550709e-88
59.442690477748364	1.6103259196526603e-88
59.62132922529712	9.23414138335185e-89
59.800504822740635	5.28650870432405e-89
59.980218883434404	3.0215440802193632e-89
60.160473025582455	1.7241471037210465e-89
60.34126887225184	9.822068116415913e-90
60.52260805138735	5.586150657857202e-90
60.70449219582615	3.171766841079758e-90
60.88692294331236	1.797904398019453e-90
61.06990193651194	1.0174345503078551e-90
61.25343082302739	5.748026002133222e-91
61.43751125541269	3.241911281350976e-91
61.622144891188135	1.8253724129901647e-91
61.80733339285516	1.0260477794499416e-91
61.993078427911456	5.757675904090587e-92
62.17938166886585	3.2254339271936706e-92
62.366244793253536	1.8037990702418634e-92
62.55366948365105	1.0070360197446634e-92
62.741657427691415	5.612501161888917e-93
62.930210318079396	3.122627828319371e-93
63.11932985260668	1.7343394098784348e-93
63.309017734167305	9.616029364473649e-94
63.49927567077276	5.322344955199054e-94
63.69010537556763	2.9407190098731943e-94
63.88150856684479	1.6219782506693948e-94
64.07348696806096	8.930488579795929e-95
64.26604230785236	4.908421045520651e-95
64.45917632004999	2.693038059750574e-95
64.65289074369558	1.4749420315170726e-95
64.84718732305693	8.063746609363705e-96
65.04206780764382	4.400742179520745e-96
65.23753395222366	2.3973960155606296e-96
65.4335875168374	1.3036952758498194e-96
65.63023026681533	7.076728206020411e-97
65.82746397279287	3.8344819475015255e-97
66.02529041072664	2.0739404121823446e-97
66.22371136191036	1.1196927791142851e-97
66.42272861299105	6.034094831065707e-98
66.62234395598497	3.2458889117036004e-98
66.82255918829375	1.7428541723038292e-98
67.02337611272064	9.34096894094167e-99
67.2247965374867	4.997167195474093e-99
67.42682227624717	2.6684218939474755e-99
67.6294551481077	1.4222677210951055e-99
67.83269697764075	7.566621826790207e-100
68.03654959490203	4.018038436988858e-100
68.24101483544698	2.1296836008660168e-100
68.44609454034735	1.1266851743151123e-100
68.6517905562077	5.949412884422897e-101
68.85810473518202	3.135647346947514e-101
69.06503893499051	1.649526968541619e-101
69.27259501893612	8.661004255120817e-102
69.48077485592161	4.5389063557711354e-102
69.68958032046606	2.374137344415256e-102
69.89901329272206	1.239451682406834e-102
70.10907565849236	6.458326549693776e-103
70.31976930924702	3.3587255697753975e-103
70.53109614214034	1.7433742968186484e-103
70.7430580600281	9.031623479718679e-104
70.9556569714846	4.6697920084140956e-104
71.1688947908197	2.4098123931432973e-104
71.38277343809632	1.2411388150974766e-104
71.59729483914748	6.379789493344578e-105
71.81246092559392	3.2729444764167963e-105
72.02827363486128	1.6757709102388863e-105
72.24473491019755	8.56311531529901e-106
72.46184670069066	4.367043129848724e-106
72.67961096128593	2.2226911116740187e-106
72.89802965280386	1.1290263538341567e-106
73.11710474195759	5.723474666715218e-107
73.33683820137067	2.8956331869286486e-107
73.55723200959483	1.4620182348059908e-107
73.77828815112774	7.36690139422761e-108
74.00000861643107	3.7045639866392765e-108
74.22239540194823	1.8591176098661028e-108
74.44545051012236	9.310896213156831e-109
74.66917594941435	4.653591871106778e-109
74.89357373432105	2.321104023957508e-109
75.11864588539333	1.155334480829034e-109
75.34439442925422	5.738851513611543e-110
75.57082139861728	2.844747075813715e-110
75.79792883230479	1.4072168867608393e-110
76.02571877526609	6.946633767311475e-111
76.25419327859619	3.422008047111315e-111
76.483354399554	1.682202103832836e-111
76.71320420158105	8.252073629272433e-112
76.94374475431991	4.039550494092517e-112
77.17497813363288	1.973264265113544e-112
77.4069064216207	9.618712735328391e-113
77.63953170664138	4.678701885766285e-113
77.87285608332887	2.2709507877919552e-113
78.10688165261193	1.0999202741252662e-113
78.34161052173313	5.315976147250795e-114
78.57704480426773	2.563718639437266e-114
78.81318662014282	1.2337307784229301e-114
79.05003809565638	5.924208171101862e-115
79.28760136349631	2.8385546397917405e-115
79.52587856275976	1.3571204571146955e-115
79.76487183897231	6.474270981414618e-116
80.0045833441074	3.081852318543347e-116
80.24501523660567	1.4637886598491688e-116
80.48616968139423	6.937254980876792e-117
80.72804884990639	3.280475304929772e-117
80.970654920101	1.5478284591821662e-117
81.21399007648236	7.28690178848512e-118
81.45805651011948	3.4228993151585966e-118
81.70285641866623	1.604255472567248e-118
81.94839200638079	7.502019683602524e-119
82.19466548414562	3.500299399535954e-119
82.44167906948755	1.629489486245777e-119
82.68943498659736	7.568579003575221e-120
82.93793546635024	3.5074426953618e-120
83.1871827463255	1.6217253058385082e-120
83.43717907082696	7.481203903531666e-121
83.68792669090303	3.44326291373679e-121
83.93942786436708	1.5811401623546774e-121
84.19168485581778	7.243843115097639e-122
84.4446999366593	3.3110303455515943e-122
84.69847538512195	1.509905321714358e-122
84.95301348628261	6.86950843512314e-123
85.2083165320854	3.118084992624783e-123
85.46438682136227	1.4119961811591026e-123
85.72122665985356	6.379098588472435e-124
85.97883836022895	2.875161534536909e-124
86.2372242421082	1.292823517044702e-124
86.49638663208208	5.799455254187573e-125
86.75632786373333	2.5953923586930744e-125
87.01705027765755	1.1587335720183746e-125
87.2785562214844	5.1609040515387984e-126
87.54084804989861	2.2931183807118033e-126
87.80392812466143	1.0164418096800939e-126
88.0677988146317	4.494597136397658e-127
88.33246249578713	1.982659183748536e-127
88.59792155124583	8.724714765490573e-128
88.86417837128768	3.8299852995970364e-128
89.13123535337601	1.677190857623637e-128
89.39909490217892	7.326628620661e-129
89.66775942959121	3.1927063441650973e-129
89.9372313547559	1.3878536149822357e-129
90.20751310408609	6.018039154602575e-130
90.47860711128675	2.6030935942152756e-130
90.7505158173768	1.12316804402585e-130
91.02324167071095	4.834111007151127e-131
91.2967871270017	2.0754016595657995e-131
91.57115464934157	8.887878021127717e-132
91.84634670822516	3.796654802225917e-132
92.12236578157156	1.617737097928314e-132
92.39921435474662	6.875674033164747e-133
92.6768949205851	2.914874096863736e-133
92.95540997941342	1.232588710888398e-133
93.23476203907194	5.198847756396728e-134
93.51495361493778	2.187173314721087e-134
93.79598722994731	9.177895914027945e-135
94.07786541461884	3.841346860171964e-135
94.36059070707547	1.6036183332390412e-135
94.6441656530679	6.6771665495081425e-136
94.9285928059975	2.7730245783229057e-136
95.21387472693914	1.148635243567983e-136
95.50001398466425	4.745413378451773e-137
95.78701315566406	1.9553568717623237e-137
96.07487482417262	8.035902286613446e-138
96.36360158219044	3.293794125347515e-138
96.65319602950727	1.346505048800109e-138
96.9436607737261	5.489917114639254e-139
97.23499843028615	2.232371032480642e-139
97.52721162248669	9.05328665134366e-140
97.82030298151068	3.661693334323217e-140
98.11427514644824	1.4770322037266645e-140
98.4091307643207	5.94191914364275e-141
98.70487249010418	2.3839039907910712e-141
99.00150298675364	9.538333292569551e-142
99.29902492522676	3.806049100025655e-142
99.59744098450817	1.514575330651752e-142
99.89675385163346	6.0106079127882645e-143
100.19696622171327	2.3787749940537076e-143
100.49808079795756	9.388412936382656e-144
100.80010029170053	3.695143010769769e-144
101.10302742242378	1.4503304141186893e-144
101.40686491778231	5.6766963933341606e-145
101.71161551362795	2.2157142685102433e-145
102.01728195403433	8.624175155412942e-146
102.32386699132209	3.3473679340383017e-146
102.6313733860825	1.295590440985205e-146
102.93980390720375	5.0004229451161636e-147
103.24916133189475	1.9244949397797847e-147
103.55944844571064	7.3857420523287e-148
103.8706680425778	2.8264096898666272e-148
104.18282292481888	1.0785393185173802e-148
104.49591590317848	4.103864442673796e-149
104.80994979684779	1.5570495789245684e-149
105.1249274334904	5.890613496338242e-150
105.4408516492677	2.2220994819983563e-150
105.75772528886425	8.358100163327536e-151
106.07555120551389	3.134649277518608e-151
106.3943322610247	1.1722057589872364e-151
106.7140713258053	4.3706742543953405e-152
107.03477127889053	1.6248710395107908e-152
107.35643500796724	6.022979553995666e-153
107.67906540940076	2.2259841278284884e-153
108.0026653882604	8.202515531926846e-154
108.32723785834587	3.013578519403946e-154
108.65278574221357	1.1038867755700819e-154
108.97931197120272	4.031523758813549e-155
109.30681948546231	1.4679548020777284e-155
109.6353112339764	5.329064707377953e-156
109.96479017459215	1.9287690234313977e-156
110.29525927404529	6.959794699510626e-157
110.62672150798728	2.503777078944233e-157
110.95917986101253	8.979950614352436e-158
111.29263732668402	3.2109039798512536e-158
111.62709690756186	1.1445948320618099e-158
111.96256161522912	4.0676477218676367e-159
112.29903447031933	1.441112764007373e-159
112.63651850254413	5.089928107810652e-160
112.9750167507194	1.7921747201658057e-160
113.31453226279412	6.290715025865739e-161
113.65506809587656	2.20123586894663e-161
113.99662731626232	7.678492793745613e-162
114.33921299946238	2.6700790915977464e-162
114.6828282302295	9.255649876960198e-163
115.02747610258766	3.1983077165477846e-163
115.37315971985856	1.1016914720665145e-163
115.71988219469017	3.782875149227815e-164
116.06764664908508	1.2947984156670181e-164
116.41645621442737	4.41770062604853e-165
116.76631403151251	1.5024506045903984e-165
117.11722325057428	5.0934229120409635e-166
117.46918703131361	1.7211577970101195e-166
117.82220854292756	5.7973409918241e-167
118.17629096413646	1.946390545334148e-167
118.5314374832143	6.513581851242653e-168
118.88765129801604	2.172672480682305e-168
119.24493561600694	7.223520195370377e-169
119.6032936542919	2.39375382118049e-169
119.96272863964309	7.906454152834395e-170
120.3232438085307	2.6028635943239137e-170
120.68484240715081	8.540516356785133e-171
121.047527691455	2.7930299385427344e-171
121.41130292718024	9.103773780431929e-172
121.77617138987691	2.957449768936347e-172
122.14213636494001	9.575445431546832e-173
122.50920114763744	3.089882082195821e-173
122.87736904314022	9.937147757273878e-174
123.24664336655216	3.185034248248043e-174
123.61702744293959	1.017406637276081e-174
123.9885246073618	3.238908633225352e-175
124.36113820490027	1.0275951716887029e-175
124.73487159068941	3.249078343725697e-176
125.10972812994649	1.0237846467074272e-176
125.48571119800195	3.2148658701413226e-177
125.86282418033021	1.006047355495924e-177
126.24107047257942	3.137406550187665e-178
126.6204534806026	9.750243446596013e-179
127.00097662048809	3.0195892296612745e-179
127.3826433185902	9.31887470153027e-180
127.76545701156078	2.865878066805331e-180
128.14942114637864	8.782658536646435e-181
128.5345391803825	2.682030719818922e-181
128.92081458130062	8.161431732660338e-182
129.30825082728254	2.4747377949460555e-182
129.696851406931	7.477348636924481e-183
130.08661981933184	2.2512152527640735e-183
130.47755957408737	6.753559117714849e-184
130.86967419134652	2.018784699008866e-184
131.26296720183706	6.012903424925631e-185
131.65744214689795	1.7844758481771042e-185
132.0531025785097	5.276726977559172e-186
132.44995205932833	1.5546811937245407e-186
132.8479941627158	4.5638997005703587e-187
133.24723247277296	1.334885766919307e-187
133.64767058437218	3.89009854511761e-188
134.04931210318824	1.1294858753674875e-188
134.45216064573282	3.2673819253121467e-189
134.85621983938543	9.417011028817276e-190
135.26149332242673	2.704054883544309e-190
135.66798474407173	7.735748191948554e-191
136.07569776450126	2.2047973821180652e-191
136.48463605489673	6.260509893448791e-192
136.89480329747173	1.7710079004869104e-192
137.30620318550578	4.991098677558169e-193
137.71883942337809	1.4013020553840645e-193
138.13271572659934	3.9194251214025174e-194
138.5478358218472	1.0921016043450093e-194
138.96420344699823	3.031438863459902e-195
139.38182235116224	8.382521946342712e-196
139.80069629471646	2.3090625941843396e-196
140.2208290493379	6.336170060428907e-197
140.6422243980394	1.731980634911561e-197
141.06488613520193	4.71605962263322e-198
141.48881806660953	1.2791766866769707e-198
141.91402400948397	3.456143037550166e-199
142.3405077925177	9.301601279911796e-200
142.76827325591023	2.4935809347222143e-200
143.19732425140117	6.658614025249962e-201
143.6276646423055	1.7710617581678296e-201
144.05929830354884	4.692107090497783e-202
144.49222912170094	1.238172943979282e-202
144.92646099501252	3.254383359941025e-203
145.3619978334488	8.519712225954796e-204
145.79884355872562	2.2214919639745338e-204
146.2370021043443	5.769297700895611e-205
146.67647741562715	1.4922936639526074e-205
147.11727344975355	3.8444439010347464e-206
147.5593941757946	9.86405255268305e-207
148.00284357474953	2.5206616653565468e-207
148.44762563958133	6.415134454324017e-208
148.89374437525268	1.6260117463805217e-208
149.34120379876248	4.1045256005660247e-209
149.79000793918112	1.0318540743244548e-209
150.2401608376875	2.5833559866108864e-210
150.6916665476052	6.441032711612003e-211
151.14452913443864	1.5992878247678463e-211
151.5987526759108	3.954505831406597e-212
152.05434126199793	9.737485903302299e-213
152.51129899496877	2.3877290822913366e-213
152.9696299894196	5.830440646087845e-214
153.429338372312	1.417719624109566e-214
153.89042828301075	3.432783944352831e-215
154.3529038733191	8.276833606209602e-216
154.8167693075186	1.9871840135588426e-216
155.28202876240474	4.750753598406775e-217
155.74868642732528	1.1309201094246908e-217
156.2167465042185	2.680654038269258e-218
156.68621320764936	6.326790237911438e-219
157.15709076484967	1.4868060450146822e-219
157.62938341575435	3.4789467940656093e-220
158.10309541304034	8.10509662807729e-221
158.57823102216545	1.8800953978555894e-221
159.05479452140506	4.3421735419129185e-222
159.53279020189277	9.98468509924675e-223
160.0122223676575	2.2858922809751453e-223
160.49309533566262	5.210334590919973e-224
160.97541343584572	1.1823830145819413e-224
161.4591810111556	2.6713310051106455e-225
161.94440241759384	6.0085323026621296e-226
162.43108202425202	1.345471401003448e-226
162.91922421335192	2.9994394674183754e-227
163.40883338028553	6.65670729056821e-228
163.89991393365278	1.4707088231515123e-228
164.3924702953037	3.23471443792473e-229
164.88650690037622	7.082414228797238e-230
165.3820281973369	1.5436787527564306e-230
165.87903864802163	3.349321493784673e-231
166.37754272767398	7.233943576683923e-232
166.87754492498772	1.555270069154907e-232
167.3790497421456	3.3284570429994426e-233
167.88206169486037	7.09056029277603e-234
168.38658531241623	1.5035317419561498e-234
168.8926251377077	3.173460320407391e-235
169.40018572728297	6.6670839823812865e-236
169.90927165138294	1.3941679705261562e-236
170.41988749398314	2.9017802495121037e-237
170.9320378528357	6.0114340653308634e-238
171.44572733950878	1.239509016331162e-238
171.96096057943058	2.5437427884756106e-239
172.4777422119291	5.195680700854514e-240
172.99607689027468	1.0562124876124647e-240
173.51596928172188	2.1369459707315766e-241
174.03742406755114	4.302917128937278e-242
174.56044594311177	8.622900924983194e-243
175.08503961786323	1.7197231770415084e-243
175.611209815418	3.4132819813818276e-244
176.13896127358416	6.741988242037962e-245
176.66829874440785	1.3252558115965919e-245
177.1992269942166	2.592394161506215e-246
177.7317508036614	5.0464457740067527e-247
178.2658749677603	9.775682685931544e-248
178.80160429594153	1.8844261474286977e-248
179.3389436120865	3.614725314677919e-249
179.87789775457418	6.8996844192389e-250
180.41847157632273	1.3104923122933616e-250
180.96066994483576	2.476763899596955e-251
181.504497742244	4.657717668857006e-252
182.04995986535013	8.715526957337905e-253
182.5970612256736	1.6227050288127736e-253
183.14580674949275	3.006107015316629e-254
183.6962013778918	5.540917443467762e-255
184.24825006680334	1.0161662209303232e-255
184.80195778705362	1.8541594856936715e-256
185.35732952440813	3.366061807776304e-257
185.9143702796144	6.079713854552276e-258
186.47308506844956	1.092505460469471e-258
187.0334789217637	1.953155709250531e-259
187.59555688552564	3.473891295132404e-260
188.15932402086926	6.146883748711128e-261
188.72478540413698	1.0820479010377818e-261
189.29194612692808	1.894889810553981e-262
189.86081129614251	3.301115164651982e-263
190.4313860340276	5.720972613162376e-264
191.003675478225	9.862902885262452e-265
191.57768478181475	1.6914475601432956e-265
192.15341911336438	2.8855220052899856e-266
192.73088365697345	4.896609541705462e-267
193.31008361232082	8.265420059415114e-268
193.89102419471243	1.387796787155486e-268
194.47371063512594	2.317775777453843e-269
195.05814818026076	3.850300614708121e-270
195.6443420925829	6.361925767184359e-271
196.2322976503734	1.0455536914011355e-271
196.82202014777644	1.7090740897913736e-272
197.41351489484495	2.778595025748474e-273
198.00678721759118	4.492958597936496e-274
198.60184245803237	7.225623772056503e-275
199.19868597423982	1.1557049811418003e-275
199.79732314038785	1.83840107519479e-276
200.39775934679992	2.9083595351968104e-277
201.00000000000009	4.5757612743595715e-278
