0.001	5.501957330273514e13
0.001059306426113372	4.083952362139004e13
0.0011221301044050858	3.031405518672304e13
0.0011886796305315762	2.250128475436975e13
0.0012591759712121673	1.6702077416216314e13
0.001333853197912595	1.2397483924315496e13
0.0014129592640406846	9.202302075410578e12
0.001496756828234718	6.830606550773961e12
0.001585524126478105	5.070162629500337e12
0.001679555895936049	3.7634341633808486e12
0.0017791643535816583	2.7934862992082646e12
0.001884680232860894	2.0735214435001992e12
0.001996453881838393	1.5391120862301982e12
0.0021148564264703964	1.1424354320999136e12
0.0022402810028672527	8.479939206852275e11
0.00237314406263699	6.294386822423187e11
0.0025138867556441604	4.672116737396902e11
0.002662976394775155	3.4679549934362866e11
0.002820908007573541	2.574142989857712e11
0.0029882059798973237	1.910694527752411e11
0.00316542579705564	1.418238102993738e11
0.003353155888206082	1.052703933230669e11
0.0035520195801365937	7.813802816507216e10
0.0037626771669192188	5.799861730914923e10
0.003985828102307585	4.3049855093237785e10
0.004222213322157691	3.195394350922001e10
0.004472617704583135	2.3717875374785423e10
0.0047378726760133535	1.7604571841238583e10
0.005018858971807903	1.3066922237278805e10
0.005316509560592863	9.69882369258481e9
0.005631812742029204	7.198839232512024e9
0.005965815428298706	5.343222216746827e9
0.006319626620203116	3.965893155520306e9
0.006694421089418297	2.9435770829573145e9
0.007091443279129682	2.184771466079176e9
0.007512011436000555	1.6215574129801195e9
0.007957521987192526	1.2035213805144284e9
0.008429454176971501	8.932434451729208e8
0.008929374978294114	6.629483878069819e8
0.009458944295682907	4.920199012591701e8
0.01001992047666533	3.651554679618136e8
0.01061416615007655	2.7099678753710914e8
0.011243654410611119	2.0111319045292222e8
0.011910475370158321	1.4924706212600034e8
0.01261684309767375	1.1075374891539419e8
0.013365102970629952	8.218582173773459e7
0.014157739462455231	6.098449133292646e7
0.014997384391817702	4.5250558589594625e7
0.015886825661144886	3.357440085053401e7
0.016829016513393594	2.490977851124563e7
0.017827085337805894	1.848016759406516e7
0.018884346057209254	1.370923525046126e7
0.02000430913135049	1.016923541447397e7
0.02119069321279799	7.542705855586639e6
0.022447437494113927	5.594038245147182e6
0.02377871478729314	4.1483764829339534e6
0.025188945378896686	3.075954416921791e6
0.026682811706883997	2.2804709294101354e6
0.02826527390787534	1.690461726428993e6
0.029941586286466967	1.252895394536864e6
0.031717314761282485	928420.3829757496
0.033598355345687045	687837.3514579111
0.035590953724526864	509481.00695118273
0.037701725991894953	377276.98473829817
0.039937680618779885	279299.74508540594
0.04230624172353702	206702.3335488429
0.04481527372244842	152922.12441277018
0.04747310744221937	113091.40058128248
0.05028856778111352	83599.95430567222
0.05327100301057145	61770.510336058775
0.056430315814603116	45617.87901609166
0.059776996170016146	33670.25104133593
0.06332215617665256	24836.597568726964
0.0670775669532826	18308.297484264385
0.07105569772166224	13486.152953020248
0.07526975720852609	9926.248875531139
0.07973373750298503	7299.79193353131
0.08446246051494884	5363.323268859515
0.08947162718883224	3936.6271051446033
0.09477786963594993	2886.3490317207606
0.10039880635869719	2113.849305166262
0.10635310074988	1546.1981558371601
0.11266052306143086	1129.501133877
0.11934201604826744	823.9525793446932
0.12641976450525486	600.1705890298841
0.13391726892815575	436.4820362702824
0.14185942354314798	316.9121151088478
0.15027259896399522	229.6957972869868
0.15918472975131778	166.17649296318407
0.16862540716469154	119.99064674660005
0.17862597741554156	86.46607533879587
0.18921964574706523	62.175901194505336
0.20044158668676215	44.61005207810777
0.21232906083764763	31.93248801772453
0.22492153859593725	22.802110136546982
0.2382608312059831	16.24091989072461
0.25239122958761157	11.53687220652382
0.26735965139681234	8.172468131653506
0.28321579680807424	5.772298831866579
0.30001231353561236	4.064565163392682
0.3178049716414139	2.8528873334632836
0.3366528487105277	1.9956840652411887
0.35661852600843474	1.391113383159985
0.37776829627181396	0.966092942784237
0.4001723838226327	0.6683096416494005
0.42390517773642156	0.4604157271284962
0.4490454788389229	0.3158211605167295
0.47567676135122716	0.21564998022992335
0.5038874500521517	0.14654334171311903
0.5337712138781256	0.09907748320194207
0.5654272769354335	0.06662720518740271
0.5989607479574899	0.044551542374736734
0.6344829693010406	0.029611864341657596
0.6721118866400864	0.019557257260041424
0.7119724405850256	0.012829979866204986
0.7541969815273385	0.00835689821396676
0.7989257090872185	0.005402300448192431
0.8463071376232728	0.003464395702031337
0.8964985893499468	0.00220281805774687
0.9496667166999715	0.0013880506420608683
1.	0.000910086741661001
1.0359877982880823	0.0006785098043100802
1.0732707182017882	0.0005038630441787117
1.1118953683169392	0.0003726383691274212
1.1519100345493822	0.0002744192356006541
1.1933647405187633	0.00020119824461294983
1.236311310084662	0.000146840098597575
1.2808034321332638	0.00010665999305711615
1.326896727695559	0.0000770934887543001
1.3746488194809832	0.00005543872067599495
1.4241194039134153	0.00003965566942416975
1.4753703257595951	0.000028210336184113567
1.5284656554432536	0.000019954158227030188
1.583471769141607	0.00001403100958048055
1.6404574317643477	9.805726565052695e-6
1.6994938829188686	6.809381817641071e-6
1.7606549259691826	4.697545142020371e-6
1.8240170202998798	3.218580907152605e-6
1.8896593769004608	2.1896733238314106e-6
1.9576640573895379	1.4787786611785312e-6
2.0281160766027013	9.911050079174476e-7
2.101103508872296	6.59035130625805e-7
2.176717598131974	4.346558482204318e-7
2.255052871983666	2.842510154194358e-7
2.3362072598695747	1.8426598174633566e-7
2.4202822154969144	1.1836888548137118e-7
2.5073828436684504	7.532465723088724e-8
2.5976180316773885	4.7467584714018194e-8
2.69110058543088	2.9611856234708993e-8
2.787947370472306	1.82803989829534e-8
2.888279458078653	1.1163366382001683e-8
2.9922222766155993	6.741019035297673e-9
3.0999057683395477	4.023499685029275e-9
3.2114645518426133	2.372742852336114e-9
3.3270380903436525	1.3819107851200058e-9
3.4467708660357057	7.945110511847064e-10
3.5708125607078376	4.5072522941150075e-10
3.6993182428671414	2.521798059709074e-10
3.8324485615948674	1.3908576750138752e-10
3.970369947378994	7.558038484348637e-11
4.113254820174333	4.0444733182348085e-11
4.261281804950249	2.130128727430474e-11
4.414635954995474	1.1035628086579786e-11
4.573508983259166	5.620591522627472e-12
4.7380995020174295	2.8125737404699978e-12
4.908613271164896	1.381937461607757e-12
5.085263455441782	6.662806673293359e-13
5.268270890917976	3.1500748683902125e-13
5.457864361067307	1.4594181450031512e-13
5.654280882777111	6.62099668164037e-14
5.857766002650653	2.939209637144184e-14
6.068574103972831	1.2757583326628906e-14
6.286968724722884	5.409946490215591e-15
6.513222887031694	2.239480045160328e-15
6.74761943849551	9.04194197144958e-16
6.990451405772831	3.557573741756457e-16
7.242022360906423	1.362785367171121e-16
7.502646800828506	5.0777570933021546e-17
7.772650540523447	1.838493648251729e-17
8.05237112033956	6.461862642838885e-18
8.342158227959118	2.2024319111700113e-18
8.642374135554176	7.27149761592056e-19
8.953394152674639	2.3229088814097114e-19
9.27560709543479	7.171672498225115e-20
9.6094157725848	2.1372844797062875e-20
9.955237489074896	6.14064046440807e-21
10.	5.22779546824279e-21
10.030052264813897	4.6926736634815346e-21
10.060194843489834	4.2111256265887386e-21
10.09042800744143	3.777978502673827e-21
10.120752028897943	3.38845450812521e-21
10.151167180906766	3.0382491003596934e-21
10.18167373733584	2.723488183528549e-21
10.212271972876147	2.44064835055621e-21
10.242962163044188	2.186443973431784e-21
10.273744584184442	1.958398731229449e-21
10.304619513471861	1.7534345729298738e-21
10.335587228914394	1.5695677351159978e-21
10.366648009355433	1.404573622356346e-21
10.397802134476395	1.2565777071155458e-21
10.429049884799173	1.1238563853930208e-21
10.4603915416887	1.0048653232926356e-21
10.491827387355489	8.982181999433239e-22
10.523357704858133	8.026562900889266e-22
10.55498277810591	7.17058284493138e-22
10.586702891861286	6.403981064936435e-22
10.618518331742507	5.717696832216983e-22
10.650429384226182	5.103505068168988e-22
10.682436336649829	4.553932543121765e-22
10.714539477214483	4.0623522129168346e-22
10.746739094987303	3.622573528949987e-22
10.77903547990414	3.229630592816851e-22
10.811428922772187	2.8784578735592193e-22
10.843919715272564	2.5641695834444485e-22
10.87650814996296	2.284003526423819e-22
10.90919452028028	2.0338431576770097e-22
10.941979120543252	1.8105412581933672e-22
10.974862245955123	1.6112735805616138e-22
11.007844192606271	1.4329862643867823e-22
11.040925257476896	1.2744992604051652e-22
11.07410573843971	1.1331981454076618e-22
11.107385934262574	1.0072573361686241e-22
11.140766144611236	8.950788697567541e-23
11.174246670051991	7.95117750482253e-23
11.207827812054406	7.061040980397186e-23
11.241509872994047	6.268631766149601e-23
11.275293156155174	5.563436480790048e-23
11.309177965733477	4.9360489635514497e-23
11.34316460683885	4.378056236377423e-23
11.377253385498078	3.8819359396544765e-23
11.411444608657657	3.4409641152324937e-23
11.445738584186508	3.0491323181934845e-23
11.480135620878762	2.7010731365123624e-23
11.514636028456572	2.391993286331682e-23
11.549240117572854	2.1176135308583764e-23
11.583948199814106	1.8741147436380343e-23
11.618760587703234	1.658089502866097e-23
11.653677594702321	1.466498663074041e-23
11.688699535215498	1.2966324045547031e-23
11.723826724591735	1.1460753097885903e-23
11.759059479127696	1.0126750603691742e-23
11.794398116070608	8.945143879371132e-24
11.82984295362107	7.898859488100544e-24
11.865394310935974	6.972698246931228e-24
11.901052508131329	6.153133814040524e-24
11.93681786628517	5.428132442358662e-24
11.972690707440455	4.786991726830226e-24
12.008671354607937	4.220196390145814e-24
12.044760131769111	3.719289348131173e-24
12.08095736387909	3.2767564731282154e-24
12.117263376869554	2.8859236334567475e-24
12.153678497651695	2.540864731086383e-24
12.190203054119134	2.236319589462576e-24
12.226837375150884	1.967620660396858e-24
12.263581790614333	1.7306276242817603e-24
12.30043663136817	1.5216690527498413e-24
12.337402229265415	1.3374903882776265e-24
12.37447891715636	1.175207572067095e-24
12.41166702889159	1.0322657206438534e-24
12.448966899325006	9.064023137579692e-25
12.486378864316794	7.956144120359054e-25
12.523903260736505	6.981294730319332e-25
12.561540426466033	6.123793794244137e-25
12.599290700402689	5.369773335988961e-25
12.637154422462267	4.706973092160929e-25
12.675131933582062	4.124557829889484e-25
12.713223575723964	3.612954991620928e-25
12.751429691877558	3.163710454369795e-25
12.78975062606316	2.7693604261845484e-25
12.828186723334975	2.423317713486133e-25
12.866738329784154	2.119770781887705e-25
12.905405792541925	1.8535942023189766e-25
12.944189459782754	1.62026922577923e-25
12.983089680727412	1.4158133656299197e-25
13.02210680564619	1.2367179876409979e-25
13.061241185862004	1.079893016496875e-25
13.100493173753568	9.426179644597391e-26
13.139863122758596	8.224985745755757e-26
13.17935138737694	7.174284482552152e-26
13.218958323173826	6.255550962300519e-26
13.258684286783014	5.45249913635719e-26
13.298529635910032	4.750816350882446e-26
13.338494729335416	4.1379287478688e-26
13.378579926917892	3.602794005279131e-26
13.418785589597647	3.135718296075564e-26
13.459112079399597	2.728194694324618e-26
13.499559759436593	2.3727605669503794e-26
13.540128993912756	2.062871766122166e-26
13.580820148126694	1.792791683345402e-26
13.621633588474829	1.5574934453082966e-26
13.6625696824547	1.3525737263504338e-26
13.703628798668246	1.1741768256578796e-26
13.744811306825131	1.0189278112878648e-26
13.786117577746106	8.838736699742e-27
13.827547983366294	7.664315232242134e-27
13.869102896738593	6.643430781577391e-27
13.91078269203699	5.756345773517013e-27
13.95258774455995	4.985815969671698e-27
13.994518430733816	4.316781178417505e-27
14.036575128116146	3.736093610881708e-27
14.078758215399176	3.2322793899620415e-27
14.121068072413177	2.7953292453602453e-27
14.163505080129893	2.4165148925714175e-27
14.206069620665996	2.088228005413055e-27
14.24876207728648	1.8038390559662632e-27
14.291582834408164	1.5575736180648033e-27
14.3345322776031	1.344404015448337e-27
14.377610793602082	1.1599544476036888e-27
14.42081877029813	1.0004179489131737e-27
14.464156596749945	8.624837333406253e-28
14.507624663185464	7.432736504830764e-28
14.551223361005333	6.402866320339351e-28
14.594953082786434	5.5135014287893075e-28
14.638814222285465	4.745777702606741e-28
14.68280717444242	4.083321895429945e-28
14.726932335384186	3.511928377176846e-28
14.771190102428116	3.0192770737680957e-28
14.815580874085576	2.594687457067422e-28
14.86010505006554	2.2289040628624473e-28
14.90476303127823	1.913909570994791e-28
14.94955521983866	1.642761970989084e-28
14.994482019070315	1.4094527666333259e-28
15.039543833508747	1.2087835509340355e-28
15.08474106890522	1.0362586148818181e-28
15.130074132230401	8.87991544997081e-29
15.175543431677962	7.606240205087739e-29
15.22114937666832	6.512552455188962e-29
15.266892377852272	5.573806483950967e-29
15.312772847114713	4.768386532335817e-29
15.358791197578368	4.07764479483191e-29
15.404947843607458	3.485500583035446e-29
15.451243200811493	2.978092702266431e-29
15.497677686048965	2.5434781021310547e-29
15.544251717431113	2.1713707500848573e-29
15.590965714325725	1.8529154537246742e-29
15.637820097360848	1.5804920364323333e-29
15.684815288428645	1.3475458641793303e-29
15.731951710689136	1.148441239382398e-29
15.779229788574035	9.783346299897902e-30
15.82664994779059	8.330650966704524e-30
15.874212615325376	7.090596252591716e-30
15.921918219448155	6.0325137179188196e-30
15.969767189715762	5.13009089085621e-30
16.017759956975922	4.3607623173188615e-30
16.065896953371162	3.7051843483750965e-30
16.114178612342712	3.1467823459665818e-30
16.16260536863436	2.6713604907610246e-30
16.21117765829643	2.266765683059307e-30
16.259895918689658	1.9225981639371338e-30
16.308760588489136	1.6299624711004492e-30
16.35777210768831	1.381253201446392e-30
16.40693091760286	1.1699707967714572e-30
16.456237460874775	9.90563215081172e-31
16.50569218147623	8.382899103071816e-31
16.555295524713664	7.091050290610702e-31
16.605047937231763	5.995571540875805e-31
16.65494986701747	5.067032887917553e-31
16.70500176340405	4.280350930040863e-31
16.755204077075092	3.6141565345367094e-31
16.8055572600686	3.0502530885008697e-31
16.856061765781067	2.573152539152878e-31
16.906718048971527	2.169678234048185e-31
16.957526565765683	1.8286250980891608e-31
17.008487773659994	1.5404690024183915e-31
17.05960213152578	1.297118318027046e-31
17.110870099613415	1.0917016284880625e-31
17.162292139556392	9.183864226748662e-32
17.213868714375522	7.722243179149966e-32
17.26560028848313	6.490189926060098e-32
17.31748732768716	5.452135486162949e-32
17.369530299195457	4.5779448971266524e-32
17.4217296716199	3.842099031117092e-32
17.474085914980655	3.222997759631713e-32
17.526599500710436	2.702366748711408e-32
17.57927090165868	2.26475271119518e-32
17.63210059209586	1.8970941286904184e-32
17.685089047717753	1.5883563322641962e-32
17.73823674564968	1.3292214406099386e-32
17.791544164450865	1.1118250348381109e-32
17.84501178411869	9.295326321944746e-33
17.898640086093025	7.767500346165663e-33
17.952429553260615	6.487624959867048e-33
18.00638066995935	5.4159839479841425e-33
18.060493921982694	4.519137344439447e-33
18.114769796584014	3.768943367127272e-33
18.169208782480975	3.1417305848455086e-33
18.223811369859988	2.617597582997031e-33
18.27857805038053	2.1798207819232093e-33
18.333509317179683	1.8143539521941493e-33
18.388605664876476	1.5094054366758284e-33
18.44386758957639	1.2550811911440887e-33
18.499295588875828	1.0430835463627499e-33
18.554890161866563	8.664571200742689e-34
18.610651809140283	7.193746060165049e-34
18.666581032793033	5.969562720655188e-34
18.72267833642979	4.951179393226608e-34
18.77894422516896	4.1044301273838555e-34
18.83537920564697	3.4007481248752435e-34
18.891983786022795	2.8162603156832553e-34
18.948758475982537	2.331026341809958e-34
19.005703786744018	1.9283992432889195e-34
19.06282023106138	1.5944886585351482e-34
19.120108323229736	1.3177103321300932e-34
19.177568579089737	1.0884082480279077e-34
19.235201516032284	8.985378436404873e-35
19.29300765300313	7.414005688324027e-35
19.35098751050758	6.114215833431965e-35
19.4091416106152	5.039636789566922e-35
19.467470476964454	4.151716049093921e-35
19.5259746347675	3.418418972280249e-35
19.584654610814844	2.81314090957961e-35
19.643510933480126	2.313798507038015e-35
19.70254413272489	1.9020710832877624e-35
19.761754740103296	1.5627676297377356e-35
19.821143288766983	1.283298912643581e-35
19.880710313469805	1.0532374611853586e-35
19.94045635057267	8.639510064006197e-36
20.000381938048406	7.082972738770422e-36
20.06048761548653	5.803699979080479e-36
20.120773924098177	4.752876750601265e-36
20.181241406720932	3.890179604060753e-36
20.24189060782372	3.182317719455494e-36
20.302722073511745	2.6018214334836853e-36
20.363736351531347	2.1260368196776853e-36
20.424933991275008	1.736291732570068e-36
20.486315543786223	1.4172044550550683e-36
20.547881561764516	1.1561108806451657e-36
20.60963259957038	9.425901701005641e-37
20.67156921323032	7.680721715682358e-37
20.73369196044179	6.2551269143231745e-37
20.796001400578287	5.091250390777944e-37
20.858498094694323	4.1415821792736815e-37
20.921182605530504	3.3671376057331996e-37
20.984055497518632	2.735945605936543e-37
21.047117336786716	2.221801821560806e-37
21.110368691164144	1.8032406803109427e-37
21.17381013018673	1.4626884836651544e-37
21.237442225101873	1.1857660264922579e-37
21.301265548873733	9.607146756280702e-38
21.365280676188313	7.779243222743065e-38
21.42948818345872	6.295453486538992e-38
21.493888648830275	5.091698404014874e-38
21.55848265218577	4.115698392720465e-38
21.6232707751507	3.324825548655559e-38
21.68825360109843	2.6843421335061413e-38
21.75343171515555	2.1659567744355018e-38
21.818805704207037	1.7466417664801363e-38
21.884376156901606	1.407664828412098e-38
21.95014366365702	1.1337968936855924e-38
22.016108816665337	9.126643152501784e-39
22.08227220989834	7.342194729761184e-39
22.14863443911278	5.903083998204623e-39
22.215196101855824	4.7431785748698515e-39
22.281957797470373	3.8088743509066474e-39
22.348920127100527	3.056748320079655e-39
22.416083693696955	2.4516461544904398e-39
22.4834491020223	1.9651249444457357e-39
22.551016958656675	1.5741859120486608e-39
22.618787872003086	1.2602437301606623e-39
22.686762452292967	1.0082887830945239e-39
22.754941311591583	8.062066671396317e-40
22.823325063803647	6.4422575683385666e-40
22.891914324678755	5.144690117677082e-40
22.96070971181697	4.105905788582656e-40
23.029711844674427	3.2748132970234305e-40
23.098921344568804	2.610304044624305e-40
23.16833883468504	2.0793223016027614e-40
23.237964940080847	1.6553043881796136e-40
23.30780028769237	1.3169170896198433e-40
23.377845506339884	1.047038577972797e-40
23.448101226733364	8.319357438827613e-41
23.51856808147825	6.606005036804226e-41
23.589246705081074	5.242147004061461e-41
23.660137733955207	4.1571895747196055e-41
23.731241806426617	3.294655119453234e-41
23.80255956273954	2.609388486315925e-41
23.87409164506234	2.0653103794072627e-41
23.94583869749321	1.6336118209814034e-41
24.01780136606599	1.2913040353927436e-41
24.089980298756046	1.0200545442177291e-41
24.16237614548601	8.052535896984226e-42
24.234989558131726	6.352657942365613e-42
24.307821190528028	5.008306943654483e-42
24.380871698474685	3.9458284705033725e-42
24.454141739742294	3.106679105130808e-42
24.527631974078226	2.444357081263207e-42
24.601343063212493	1.9219500117716672e-42
24.67527567086381	1.5101769408750224e-42
24.749430462745483	1.185826116498325e-42
24.823808106571427	9.305093361856148e-43
24.89840927206223	7.2966938052393e-43
24.9732346309511	5.717896439498789e-43
25.048284856989994	4.477651970230433e-43
25.123560625955612	3.5040264631602435e-43
25.19906261565552	2.7402268557616952e-43
25.274791505934285	2.141444678202417e-43
25.35074797867951	1.6723512520793207e-43
25.426932717828073	1.3051112571640837e-43
25.503346409372206	1.0178084708953127e-43
25.579989741365694	7.93199015892564e-44
25.65686340393012	6.177246625274841e-44
25.733968089260998	4.807324833832596e-44
25.811304491634083	3.7385813301545327e-44
25.888873307411554	2.9053878306106144e-44
25.966675235048317	2.2562872353841467e-44
26.04471097509833	1.7509620240311176e-44
26.122981230220823	1.3578450264886228e-44
26.20148670518673	1.0522377823279476e-44
26.280228106884937	8.148296998406218e-45
26.35920614432871	6.305334690503962e-45
26.438421528662044	4.8756983990656864e-45
26.517874973166123	3.767488840524818e-45
26.597567193265647	2.909059622915195e-45
26.67749890653539	2.2445941572282898e-45
26.75767083270656	1.7306396118780263e-45
26.8380836936733	1.3333927925435035e-45
26.91873821349928	1.0265763642028418e-45
26.999635118424074	7.8977821902401e-46
27.08077513686982	6.071539354100094e-46
27.1621589994477	4.664136808786099e-46
27.243787438964546	3.580317837498143e-46
27.325661190429475	2.7463048683906303e-46
27.407780991060424	2.104998541661813e-46
27.490147580290888	1.6122402591395396e-46
27.57276169977649	1.2339047978366092e-46
27.65562409340169	9.436403193858668e-47
27.73873550728654	7.211129297883077e-47
27.822096689793288	5.506441682866129e-47
27.90570839153324	4.2015426856226134e-47
27.989571365373415	3.2034318899718873e-47
28.07368636644337	2.4405639306592283e-47
28.158054152142032	1.857940747221171e-47
28.24267548214444	1.413316738207715e-47
28.327551118408675	1.0742666881251996e-47
28.412681825182638	8.159220456349066e-48
28.498068369010976	6.192245468757772e-48
28.583711518741968	4.6957998819354146e-48
28.669612045534482	3.558212627518446e-48
28.75577072286489	2.6941023349263706e-48
28.842188326534014	2.0382391012250957e-48
28.928865634674143	1.5408273830320802e-48
29.015803427756016	1.163883825241024e-48
29.103002488595905	8.784580495140458e-49
29.19046360236257	6.625019035445196e-49
29.278187556584435	4.992371568832129e-49
29.366175141156575	3.7590603077044705e-49
29.454427148347893	2.828155324180168e-49
29.54294437280827	2.126070892696519e-49
29.63172761157564	1.596988138705553e-49
29.720777664083275	1.1985993702867795e-49
29.810095332166874	8.988634967493148e-50
29.89968142007184	6.735343066071621e-50
29.989536734460554	5.042790310212547e-50
30.07966208441955	3.7724738390141845e-50
30.1700582814669	2.8198410460367917e-50
30.260726139559434	2.1060321899991832e-50
30.351666475100107	1.5716154387279767e-50
30.442880106945385	1.1718374889113024e-50
30.534367856412533	8.730260858456714e-51
30.62613054728712	6.498673134969557e-51
30.718169005830323	4.833466495832396e-51
30.810484060786433	3.591932600886441e-51
30.903076543390345	2.667055121712292e-51
30.99594728737494	1.978650302553078e-51
31.089097128978718	1.466689670643525e-51
31.18252690695322	1.0862716443244762e-51
31.276237462570645	8.038380497583983e-52
31.370229639631376	5.9432974356310986e-52
31.464504284471673	4.390500572686315e-52
31.559062245971152	3.240612875037629e-52
31.653904375560572	2.389822698857165e-52
31.74903152722938	1.7608748564877345e-52
31.84444455753347	1.2963266488432748e-52
31.9401443256029	9.535037673805972e-53
32.03613169314961	7.007308579881673e-53
32.132407524475155	5.145170748362851e-53
32.228972686478514	3.7745650221337686e-53
32.32582804866389	2.7666323303852925e-53
32.42297448314858	2.0260597341960847e-53
32.520412864670746	1.4824093467956462e-53
32.61814407059738	1.083672323289464e-53
32.716168980932125	7.914811753468482e-54
32.81448847832323	5.775569297315345e-54
32.91310344807154	4.21074978164595e-54
33.012014778138386	3.0671380217382547e-54
33.111223359153676	2.232108353293928e-54
33.210730084423815	1.622946146465066e-54
33.31053584993981	1.1789588322248513e-54
33.410641554385315	8.556529946164803e-55
33.51104809914475	6.2044032456399135e-55
33.61175638831143	4.494738876397957e-55
33.7127673286956	3.2531929432493122e-55
33.81408182983272	2.352420068138628e-55
33.9157008039916	1.6994892363069504e-55
34.017625166182626	1.2266459682516961e-55
34.11985583416603	8.845372163187853e-56
34.22239372846006	6.37247030963823e-56
34.32523977234938	4.586624029266906e-56
34.42839489189328	3.2981533561335554e-56
34.531860015934114	2.369407171174586e-56
34.63563607610565	1.7005854741572386e-56
34.739724006841335	1.2193991986609315e-56
34.844124745382864	8.735359345250945e-57
34.94883923178852	6.251753233085707e-57
35.05386840894172	4.470002957736922e-57
35.1592132225594	3.1929893461451676e-57
35.26487462120067	2.2786076196119196e-57
35.370853556275186	1.6245114447534992e-57
35.47715098205184	1.1570600339189059e-57
35.58376785566737	8.233180323970876e-58
35.69070513713482	5.8527059489082436e-58
35.79796378935241	4.156443169931616e-58
35.905544778112	2.9489117191785435e-58
36.01344907210791	2.0901391135468745e-58
36.12167764294557	1.4799969492616475e-58
36.230231465150354	1.0469293153962455e-58
36.3391115161763	7.398497247203097e-59
36.44831877641489	5.223215998082599e-59
36.557854229203905	3.683829003739924e-59
36.667718860836274	2.595533497743369e-59
36.77791366056899	1.8269143969071834e-59
36.888439620632	1.28461451658865e-59
36.99929773623707	9.023794532486773e-60
37.11048900558683	6.332365742349803e-60
37.22201442988372	4.439170990438824e-60
37.33387501333906	3.108819543655656e-60
37.44607176318204	2.1749314444303563e-60
37.558605689668774	1.5200249205282937e-60
37.67147780609144	1.0612301392444475e-60
37.78468912878737	7.401518422728314e-61
37.89824067714826	5.1568333972171684e-61
38.012133473629305	3.58917840833281e-61
38.126368543758375	2.4954869277031734e-61
38.240946916145305	1.733255123397508e-61
38.3558696224911	1.2025835424435782e-61
38.47113769759734	8.33512687864031e-62
38.58675217937533	5.771012176058075e-62
38.70271410885561	3.991473034176769e-62
38.8190245301972	2.757747215601519e-62
38.935684490697064	1.9033311909632556e-62
39.05269504079952	1.3122347478392202e-62
39.17005723410575	9.037421993482826e-63
39.287772127383235	6.217446324635992e-63
39.405840780575254	4.2728000902539397e-63
39.52426425681046	2.933220673999593e-63
39.64304362241245	2.0114401617547275e-63
39.76217994690939	1.3778384267305766e-63
39.88167430304363	9.427940606033538e-64
40.001527766781294	6.444085930266454e-64
40.12174141732207	4.399773439886474e-64
40.24231633710885	3.0006985701225723e-64
40.36325361183758	2.0442596331031533e-64
40.48455433046692	1.3911370303106794e-64
40.6062195852281	9.45632727106397e-65
40.72825047163475	6.420847361221479e-65
40.85064808849276	4.354898181543257e-65
40.97341353791021	2.9503803597489897e-65
41.09654792530727	1.996599163034823e-65
41.220052359426106	1.3496313594371798e-65
41.34392795234092	9.112747946828118e-66
41.468175819467945	6.145992046146298e-66
41.59279707957553	4.1403931433037296e-66
41.71779285479412	2.7860995281171553e-66
41.843164270626474	1.872645776844574e-66
41.96891245595771	1.2572368625423432e-66
42.09503854306545	8.431008617511837e-67
42.22154366763019	5.6473071168450466e-67
42.34842896874528	3.778341527721772e-67
42.47569558892741	2.5249770157221387e-67
42.6033446741267	1.685421522292168e-67
42.73137737373716	1.12370678169706e-67
42.85979484060695	7.48323347857937e-68
42.98859823104885	4.977552834950872e-68
43.11778870485062	3.306977261622605e-68
43.247367425285404	2.19449067102111e-68
43.37733555912226	1.454527435712266e-68
43.50769427663664	9.629288259114668e-69
43.63844475162097	6.367207288762261e-69
43.769588161395205	4.2051815928192107e-69
43.90112568681735	2.773958214572396e-69
44.0330585122942	1.8276494231803735e-69
44.1653878257919	1.2027132936435e-69
44.29811481884679	7.905074779321573e-70
44.43124068657603	5.1894689506218437e-70
44.564766627688336	3.4026033289072845e-70
44.69869384449481	2.228279153669922e-70
44.8330235429198	1.457458300316185e-70
44.967756932511726	9.521148420958497e-71
45.102895226454	6.212230697828427e-71
45.23843964157589	4.048267849212587e-71
45.37439139836351	2.6348306310337034e-71
45.51075172097078	1.7127593201607664e-71
45.6475218372306	1.111983935607249e-71
45.784702978665635	7.210370585746888e-72
45.92229638049968	4.669516512291361e-72
46.06030328166859	3.020228852171413e-72
46.198724924831495	1.9510111106283175e-72
46.33756255638202	1.2587223068150274e-72
46.47681742645948	8.110520884340141e-73
46.61649078896019	5.219327260194331e-73
46.75658390154864	3.3544830396136785e-73
46.89709802566889	2.1531797339614016e-73
47.03803442655593	1.3803108262005097e-73
47.17939437324711	8.837180874025984e-74
47.32117913859353	5.650529395623282e-74
47.46338999927141	3.6082895382584904e-74
47.60602823579375	2.301170306980293e-74
47.749095132521724	1.4656476509832936e-74
47.89259197767635	9.322708586259439e-75
48.03652006335005	5.922221410839089e-75
48.18088068551824	3.7571232715215775e-75
48.32567514405104	2.380415624982183e-75
48.47090474272495	1.506173312068308e-75
48.61657078923468	9.517440517776225e-76
48.76267459520485	6.006019197102136e-76
48.909217476201746	3.7850605492163335e-76
49.05620075174527	2.3821919930935752e-76
49.203625745320764	1.497258344860233e-76
49.35149378439099	9.397904106381594e-77
49.49980620040795	5.890847625083559e-77
49.64856432882508	3.6875278112199524e-77
49.797769509109045	2.3051636984301164e-77
49.94742308475193	1.4390484055238876e-77
50.0975264032834	8.971279828777107e-78
50.248080816282645	5.585177428743318e-78
50.39908767939075	3.472332545433869e-78
50.550548352322735	2.1557857803847335e-78
50.70246419887991	1.3365586927260484e-78
50.85483658696207	8.274976807927968e-79
51.00766688857993	5.116111815278502e-79
51.160956479867394	3.158682176223844e-79
51.314706741093914	1.9474335782362164e-79
51.468919056677	1.1989701115514259e-79
51.6235948151946	7.371250833579205e-80
51.77873540939773	4.52542423605801e-80
51.934342236222925	2.7743472757496398e-80
52.09041669680477	1.6984153115949842e-80
52.24696019648864	1.0382612584222787e-80
52.40397414484321	6.3379265742828e-81
52.56145995567333	3.863346640499926e-81
52.71941904703262	2.3515498069787985e-81
52.87785284123625	1.4292783765443996e-81
53.03676276487376	8.67460488159821e-82
53.196150248821915	5.2571565906462397e-82
53.35601672825766	3.181401964323169e-82
53.51636364267086	1.9224306434552553e-82
53.6771924358775	1.1599663674263418e-82
53.83850455603245	6.988770300782379e-83
54.00030145564263	4.2045048201803346e-83
54.162584591580156	2.5257230104575303e-83
54.32535542509525	1.5149957666827858e-83
54.48861542182966	9.07381662234941e-84
54.6523660518296	5.4264961547507065e-84
54.81660878955916	3.2403950499847936e-84
54.9813451139135	1.9320724595744179e-84
55.14657650823223	1.1502543220207393e-84
55.31230446031275	6.837657924347753e-85
55.47853046242357	4.058465993565702e-85
55.645256011317834	2.4052238640447558e-85
55.812482608246725	1.4232662438831286e-85
55.980211758973105	8.409144994286859e-86
56.14844497378497	4.960786856858043e-86
56.31718376750904	2.922000676918349e-86
56.486429659524454	1.7184585082771992e-86
56.65618417377638	1.0090780363093187e-86
56.82644883878988	5.916098340706282e-87
56.99722518768355	3.463130856684087e-87
57.168514758183306	2.0240594193011048e-87
57.340319092636314	1.1811264562209722e-87
57.512639738024816	6.881549856111032e-88
57.68547824598012	4.003047842588773e-88
57.85883617279657	2.3249193092824811e-88
58.032715079445445	1.3481415472003092e-88
58.20711653158914	7.804975082650184e-89
58.38204209959518	4.511426397699157e-89
58.55749335855049	2.6035172620651063e-89
58.73347188827538	1.500061870271851e-89
58.90997927333798	8.628948899532e-90
59.087017103068334	4.955694432476356e-90
59.264586971572804	2.841495137708454e-90
59.442690477748364	1.6266082067046572e-90
59.62132922529712	9.296308115680212e-91
59.800504822740635	5.30429202359453e-91
59.980218883434404	3.021562340725523e-91
60.160473025582455	1.7183861105277882e-91
60.34126887225184	9.756473018805438e-92
60.52260805138735	5.530261570585265e-92
60.70449219582615	3.129515121457881e-92
60.88692294331236	1.768010379071677e-92
61.06990193651194	9.971643708128156e-93
61.25343082302739	5.614624116379622e-93
61.43751125541269	3.156053899789747e-93
61.622144891188135	1.7710699695749663e-93
61.80733339285516	9.921844015583224e-94
61.993078427911456	5.548967972044199e-94
62.17938166886585	3.098082371354953e-94
62.366244793253536	1.726761622329494e-94
62.55366948365105	9.607895231932281e-95
62.741657427691415	5.336768021850151e-95
62.930210318079396	2.959240983244969e-95
63.11932985260668	1.6380683540286712e-95
63.309017734167305	9.05172015609254e-96
63.49927567077276	4.9931585157977255e-96
63.69010537556763	2.74955519943007e-96
63.88150856684479	1.5114371680489816e-96
64.07348696806096	8.293847064215154e-97
64.26604230785236	4.5431587814535523e-97
64.45917632004999	2.484239519743396e-97
64.65289074369558	1.3560020906031312e-97
64.84718732305693	7.388499878444855e-98
65.04206780764382	4.018637849717815e-98
65.23753395222366	2.1818546793873423e-98
65.4335875168374	1.1824826558963528e-98
65.63023026681533	6.397103734096847e-99
65.82746397279287	3.4545326715986277e-99
66.02529041072664	1.8621306467091044e-99
66.22371136191036	1.001944234754589e-99
66.42272861299105	5.381299128035259e-100
66.62234395598497	2.8849514573665767e-100
66.82255918829375	1.5438151054732334e-100
67.02337611272064	8.246222721218683e-101
67.2247965374867	4.3965845074609634e-101
67.42682227624717	2.3397742921288632e-101
67.6294551481077	1.2428773023057396e-101
67.83269697764075	6.589855190888067e-102
68.03654959490203	3.48750124115569e-102
68.24101483544698	1.8422192290587015e-102
68.44609454034735	9.713019047954999e-103
68.6517905562077	5.111527475172629e-103
68.85810473518202	2.68490066218094e-103
69.06503893499051	1.4076164514420401e-103
69.27259501893612	7.36574287308526e-104
69.48077485592161	3.847001840046267e-104
69.68958032046606	2.0053923657045542e-104
69.89901329272206	1.0433858445913644e-104
70.10907565849236	5.418219966886881e-105
70.31976930924702	2.8082250856733568e-105
70.53109614214034	1.4526743253139333e-105
70.7430580600281	7.500032366496729e-106
70.9556569714846	3.8646841285294266e-106
71.1688947908197	1.987551131226429e-106
71.38277343809632	1.0201722369411892e-106
71.59729483914748	5.226091518427969e-107
71.81246092559392	2.6719373402297868e-107
72.02827363486128	1.3633855806686463e-107
72.24473491019755	6.943072584159049e-108
72.46184670069066	3.5287647073755556e-108
72.67961096128593	1.789901290777993e-108
72.89802965280386	9.060835276162799e-109
73.11710474195759	4.577596882762521e-109
73.33683820137067	2.3079924515909063e-109
73.55723200959483	1.161331268564706e-109
73.77828815112774	5.831766263189736e-110
74.00000861643107	2.922561801357694e-110
74.22239540194823	1.461652876169385e-110
74.44545051012236	7.295231355278882e-111
74.66917594941435	3.633670154898806e-111
74.89357373432105	1.806179304459249e-111
75.11864588539333	8.959472891470524e-112
75.34439442925422	4.43514270885554e-112
75.57082139861728	2.19095558150761e-112
75.79792883230479	1.0800843400791011e-112
76.02571877526609	5.313456952026238e-113
76.25419327859619	2.608490950936926e-113
76.483354399554	1.277884009693351e-113
76.71320420158105	6.247132604031096e-114
76.94374475431991	3.0475753112237745e-114
77.17497813363288	1.483576139219745e-114
77.4069064216207	7.206827608689483e-115
77.63953170664138	3.4934501405915327e-115
77.87285608332887	1.6898116494525357e-115
78.10688165261193	8.156288703374669e-116
78.34161052173313	3.9283901717566485e-116
78.57704480426773	1.8879981559377378e-116
78.81318662014282	9.054211171504512e-117
79.05003809565638	4.332703278678261e-117
79.28760136349631	2.0688248014713914e-117
79.52587856275976	9.856939077312914e-118
79.76487183897231	4.686095864190536e-118
80.0045833441074	2.222942048012694e-118
80.24501523660567	1.052180181606872e-118
80.48616968139423	4.969288588208867e-119
80.72804884990639	2.3417339759694497e-119
80.970654920101	1.1010758452394547e-119
81.21399007648236	5.165713889428819e-120
81.45805651011948	2.4180984698274303e-120
81.70285641866623	1.1293933183760089e-120
81.94839200638079	5.263093830275826e-121
82.19466548414562	2.447139561120576e-121
82.44167906948755	1.1352594907789589e-121
82.68943498659736	5.254693207022935e-122
82.93793546635024	2.426679620153856e-122
83.1871827463255	1.1181173837795578e-122
83.43717907082696	5.140072580610174e-123
83.68792669090303	2.3575179362067705e-123
83.93942786436708	1.0788017943564607e-123
84.19168485581778	4.9252264668340475e-124
84.4446999366593	2.2433943375969475e-124
84.69847538512195	1.0194756940478977e-124
84.95301348628261	4.622074452682063e-125
85.2083165320854	2.090656848934514e-125
85.46438682136227	9.434334631276943e-126
85.72122665985356	4.2473635418304373e-126
85.97883836022895	1.9076739847366125e-126
86.2372242421082	8.547957624804217e-127
86.49638663208208	3.821122430728392e-127
86.75632786373333	1.7040676550888518e-127
87.01705027765755	7.581356009302932e-128
87.2785562214844	3.364867803461269e-128
87.54084804989861	1.4898654584249927e-128
87.80392812466143	6.580833261160677e-129
88.0677988146317	2.8997887893762524e-129
88.33246249578713	1.2746775374741503e-129
88.59792155124583	5.5895857046039524e-130
88.86417837128768	2.4451249184248963e-130
89.13123535337601	1.0669926897223492e-130
89.39909490217892	4.644699294151134e-131
89.66775942959121	2.016909087244762e-131
89.9372313547559	8.736639020774843e-132
90.20751310408609	3.7751011030877874e-132
90.47860711128675	1.627180293845826e-132
90.7505158173768	6.996203227684733e-133
91.02324167071095	3.0005823961465526e-133
91.2967871270017	1.2836949608393475e-133
91.57115464934157	5.478075124393981e-134
91.84634670822516	2.3318505808769613e-134
92.12236578157156	9.900947333943803e-135
92.39921435474662	4.193269539850627e-135
92.6768949205851	1.7714361196088438e-135
92.95540997941342	7.464342860969322e-136
93.23476203907194	3.1372396991020493e-136
93.51495361493778	1.315196132918236e-136
93.79598722994731	5.499417536941016e-137
94.07786541461884	2.293627335490757e-137
94.36059070707547	9.541257991572745e-138
94.6441656530679	3.9587827112025395e-138
94.9285928059975	1.6382777924533385e-138
95.21387472693914	6.762073359532311e-139
95.50001398466425	2.783782221892634e-139
95.78701315566406	1.1430106106161468e-139
96.07487482417262	4.680814858018463e-140
96.36360158219044	1.911813053021452e-140
96.65319602950727	7.787869915104905e-141
96.9436607737261	3.164009671508124e-141
97.23499843028615	1.2820332630675142e-141
97.52721162248669	5.1808340475642166e-142
97.82030298151068	2.0880239468737745e-142
98.11427514644824	8.392728498754602e-143
98.4091307643207	3.364335254954411e-143
98.70487249010418	1.3449936401520775e-143
99.00150298675364	5.362441091592028e-144
99.29902492522676	2.1321739574476046e-144
99.59744098450817	8.4546761735288e-145
99.89675385163346	3.343351217082959e-145
100.19696622171327	1.3184817715710535e-145
100.49808079795756	5.185250939562351e-146
100.80010029170053	2.0335991547127907e-146
101.10302742242378	7.953480950633577e-147
101.40686491778231	3.1020003296716824e-147
101.71161551362795	1.2064671694542305e-147
102.01728195403433	4.679232372938385e-148
102.32386699132209	1.8097371623252725e-148
102.6313733860825	6.979664110618551e-149
102.93980390720375	2.6842811273600092e-149
103.24916133189475	1.0294191603756659e-149
103.55944844571064	3.936620765354309e-150
103.8706680425778	1.501129947700595e-150
104.18282292481888	5.707851474979554e-151
104.49591590317848	2.164128164032942e-151
104.80994979684779	8.181736575267665e-152
105.1249274334904	3.0842989275030067e-152
105.4408516492677	1.1593434941500804e-152
105.75772528886425	4.3451895051346593e-153
106.07555120551389	1.6238371013031673e-153
106.3943322610247	6.050754758598884e-154
106.7140713258053	2.2480511671471783e-154
107.03477127889053	8.32776703795069e-155
107.35643500796724	3.075904535488762e-155
107.67906540940076	1.1327529683577785e-155
108.0026653882604	4.1592189989811313e-156
108.32723785834587	1.52264524410329e-156
108.65278574221357	5.557662419600407e-157
108.97931197120272	2.022498484544393e-157
109.30681948546231	7.338088743719793e-158
109.6353112339764	2.6544376073058727e-158
109.96479017459215	9.573108326608669e-159
110.29525927404529	3.442075444414807e-159
110.62672150798728	1.23387400877632e-159
110.95917986101253	4.409611346433699e-160
111.29263732668402	1.5711039217032333e-160
111.62709690756186	5.580596696856164e-161
111.96256161522912	1.9761663522741445e-161
112.29903447031933	6.976369919945909e-162
112.63651850254413	2.4552438245901455e-162
112.9750167507194	8.614198125212563e-163
113.31453226279412	3.012909951274494e-163
113.65506809587656	1.050520342351224e-163
113.99662731626232	3.651453216404031e-164
114.33921299946238	1.2652195752025304e-164
114.6828282302295	4.370195529835764e-165
115.02747610258766	1.5047575890843695e-165
115.37315971985856	5.1648631173797435e-166
115.71988219469017	1.7671506277036398e-166
116.06764664908508	6.027076023041678e-167
116.41645621442737	2.049056679850384e-167
116.76631403151251	6.944025690126317e-168
117.11722325057428	2.345711198926031e-168
117.46918703131361	7.898406054901773e-169
117.82220854292756	2.6509520445192216e-169
118.17629096413646	8.86865126717867e-170
118.5314374832143	2.9573474867077652e-170
118.88765129801604	9.829512433597632e-171
119.24493561600694	3.2564333344339704e-171
119.6032936542919	1.0752977715905067e-171
119.96272863964309	3.5390554609915994e-172
120.3232438085307	1.1609506992859901e-172
120.68484240715081	3.795803107854469e-173
121.047527691455	1.2369517493290783e-173
121.41130292718024	4.0175075596900836e-174
121.77617138987691	1.3005024469738382e-174
122.14213636494001	4.195771468415763e-175
122.50920114763744	1.3491315481535552e-175
122.87736904314022	4.3234876084732835e-176
123.24664336655216	1.3808522164700307e-176
123.61702744293959	4.39530328259357e-177
123.9885246073618	1.3942952396662368e-177
124.36113820490027	4.407988651581412e-178
124.73487159068941	1.3888059815914425e-178
125.10972812994649	4.3606740429363455e-179
125.48571119800195	1.3644956071192189e-179
125.86282418033021	4.254932270156726e-180
126.24107047257942	1.322241128029578e-180
126.6204534806026	4.094696031138027e-181
127.00097662048809	1.2636335567028317e-181
127.3826433185902	3.88601594388213e-182
127.76545701156078	1.190878364204109e-182
128.14942114637864	3.6366798653028386e-183
128.5345391803825	1.106656925342407e-183
128.92081458130062	3.355726988610014e-184
129.30825082728254	1.0139611508821528e-184
129.696851406931	3.0528992823796e-185
130.08661981933184	9.159156427900059e-186
130.47755957408737	2.738077096923204e-186
130.86967419134652	8.156022399216119e-187
131.26296720183706	2.420744861531951e-187
131.65744214689795	7.159007468766034e-188
132.0531025785097	2.1095270703890937e-188
132.44995205932833	6.193571691184527e-189
132.8479941627158	1.811825168268502e-189
133.24723247277296	5.280872968108251e-190
133.64767058437218	1.533573912237978e-190
134.04931210318824	4.437194789179175e-191
134.45216064573282	1.2791229306269536e-191
134.85621983938543	3.6737642680772206e-192
135.26149332242673	1.051237117360087e-192
135.66798474407173	2.9969235286126135e-193
136.07569776450126	8.51199518981868e-194
136.48463605489673	2.408590429480668e-194
136.89480329747173	6.789933993505419e-195
137.30620318550578	1.9069279036074477e-195
137.71883942337809	5.335366057234616e-196
138.13271572659934	1.4871352998386953e-196
138.5478358218472	4.129411172405097e-197
138.96420344699823	1.1422790625160469e-197
139.38182235116224	3.1477322862940332e-198
139.80069629471646	8.640917772219004e-199
140.2208290493379	2.362944275742955e-199
140.6422243980394	6.436853262253412e-200
141.06488613520193	1.7466876167362032e-200
141.48881806660953	4.721427710156908e-201
141.91402400948397	1.2712848480260249e-201
142.3405077925177	3.4097203138907543e-202
142.76827325591023	9.10952904128463e-203
143.19732425140117	2.4242046532760444e-203
143.6276646423055	6.425896341650507e-204
144.05929830354884	1.6966181374353534e-204
144.49222912170094	4.461853541666513e-205
144.92646099501252	1.1687514859225816e-205
145.3619978334488	3.049295626929165e-206
145.79884355872562	7.923958441926298e-207
146.2370021043443	2.0509021905079504e-207
146.67647741562715	5.2869182221150725e-208
147.11727344975355	1.3574063846620953e-208
147.5593941757946	3.4710557125318746e-209
148.00284357474953	8.840003125283026e-210
148.44762563958133	2.242214255849973e-210
148.89374437525268	5.664092806486568e-211
149.34120379876248	1.424973735947939e-211
149.79000793918112	3.570271790833038e-212
150.2401608376875	8.908575650205867e-213
150.6916665476052	2.213718939532469e-213
151.14452913443864	5.47820811650395e-214
151.5987526759108	1.35005362239873e-214
152.05434126199793	3.313252588276804e-215
152.51129899496877	8.097364400954864e-216
152.9696299894196	1.970665851825258e-216
153.429338372312	4.775919621874202e-217
153.89042828301075	1.1525778347992455e-217
154.3529038733191	2.7697926799966833e-218
154.8167693075186	6.628000016607723e-219
155.28202876240474	1.579321153248538e-219
155.74868642732528	3.747188813290672e-220
156.2167465042185	8.852833925333296e-221
156.68621320764936	2.0825483785222585e-221
157.15709076484967	4.877961089188237e-222
157.62938341575435	1.1376440699414618e-222
158.10309541304034	2.641762077174642e-223
158.57823102216545	6.107937334950655e-224
159.05479452140506	1.4060584103080113e-224
159.53279020189277	3.2226593079731837e-225
160.0122223676575	7.353972115908428e-226
160.49309533566262	1.670784367890657e-226
160.97541343584572	3.779235382491266e-227
161.4591810111556	8.510730744305835e-228
161.94440241759384	1.9081098294428223e-228
162.43108202425202	4.259000755581548e-229
162.91922421335192	9.46398623691937e-230
163.40883338028553	2.093614436204766e-230
163.89991393365278	4.6107300842945335e-231
164.3924702953037	1.0108512120131719e-231
164.88650690037622	2.2061927336528546e-232
165.3820281973369	4.793276222256872e-233
165.87903864802163	1.0366886792987017e-233
166.37754272767398	2.231953944621661e-234
166.87754492498772	4.783404843698883e-235
167.3790497421456	1.0204650429534692e-235
167.88206169486037	2.167016591088318e-236
168.38658531241623	4.58061152956489e-237
168.8926251377077	9.637753201092746e-238
169.40018572728297	2.0184278398854207e-238
169.90927165138294	4.2075540014123035e-239
170.41988749398314	8.730098660418262e-240
170.9320378528357	1.8029160601934524e-240
171.44572733950878	3.705891222135314e-241
171.96096057943058	7.581663687167921e-242
172.4777422119291	1.5437782499227107e-242
172.99607689027468	3.128583288852398e-243
173.51596928172188	6.310252748223072e-244
174.03742406755114	1.2667060033844799e-244
174.56044594311177	2.530630488465595e-245
175.08503961786323	5.03152054036931e-246
175.611209815418	9.955913758983843e-247
176.13896127358416	1.960505661457914e-247
176.66829874440785	3.841969320650731e-248
177.1992269942166	7.492594011984659e-249
177.7317508036614	1.4541081435026585e-249
178.2658749677603	2.808284300288543e-250
178.80160429594153	5.397081055747952e-251
179.3389436120865	1.0321526615838083e-251
179.87789775457418	1.964217910090891e-252
180.41847157632273	3.7195441429742945e-253
180.96066994483576	7.008702994939196e-254
181.504497742244	1.3140958190853594e-254
182.04995986535013	2.4516099692976033e-255
182.5970612256736	4.550972414829742e-256
183.14580674949275	8.405798959166692e-257
183.6962013778918	1.5447892510894483e-257
184.24825006680334	2.8246742912759166e-258
184.80195778705362	5.1388962365096764e-259
185.35732952440813	9.30180152281429e-260
185.9143702796144	1.675148964935502e-260
186.47308506844956	3.001389231902579e-261
187.0334789217637	5.350163898840108e-262
187.59555688552564	9.488139715708046e-263
188.15932402086926	1.6740082463406943e-263
188.72478540413698	2.938258166064838e-264
189.29194612692808	5.130638642388733e-265
189.86081129614251	8.912412555719785e-266
190.4313860340276	1.5401206897310197e-266
191.003675478225	2.647543288131306e-267
191.57768478181475	4.527447549605799e-268
192.15341911336438	7.701565476210868e-269
192.73088365697345	1.3032057445429007e-269
193.31008361232082	2.193554819009445e-270
193.89102419471243	3.6726425017843164e-271
194.47371063512594	6.116409869557147e-272
195.05814818026076	1.013200395768429e-272
195.6443420925829	1.669429300781187e-273
196.2322976503734	2.7359469263695267e-274
196.82202014777644	4.4597168536299126e-275
197.41351489484495	7.230359496787463e-276
198.00678721759118	1.1658923932073917e-276
198.60184245803237	1.8698035730946749e-277
199.19868597423982	2.98239654266453e-278
199.79732314038785	4.73107247350117e-279
200.39775934679992	7.463998321702489e-280
201.00000000000009	1.1711002418979386e-280
